date,Sarah baseline,1h reference,1h · no BOS,1h · RVOL 0.75–1.25,1h · impulse/prior volume <0.75,1h · first Sarah test,1h · first physical touch,1h · width ≤0.5 ATR,1h · opposing room ≥2R/open
2019-05-06,,,,,,,,,
2019-05-07,,,,,,,,,
2019-05-08,,,,,,,,,
2019-05-09,,,,,,,,,
2019-05-10,,,,,,,,,
2019-05-11,,,,,,,,,
2019-05-12,,,,,,,,,
2019-05-13,,,,,,,,,
2019-05-14,,,,,,,,,
2019-05-15,,,,,,,,,
2019-05-16,,,,,,,,,
2019-05-17,,,,,,,,,
2019-05-18,,,,,,,,,
2019-05-19,,,,,,,,,
2019-05-20,,,,,,,,,
2019-05-21,,,,,,,,,
2019-05-22,,,,,,,,,
2019-05-23,,,,,,,,,
2019-05-24,,,,,,,,,
2019-05-25,0.9285714285714286,3.76875,5.409090909090909,,-10.232142857142858,4.145833333333333,4.145833333333333,,-1.11875
2019-05-26,0.9285714285714286,3.76875,5.409090909090909,,-10.232142857142858,4.145833333333333,4.145833333333333,5.326086956521739,-1.11875
2019-05-27,1.052325581395349,3.76875,5.409090909090909,,-10.232142857142858,4.145833333333333,4.145833333333333,5.326086956521739,-1.11875
2019-05-28,2.284090909090909,5.024390243902439,6.875,,-10.232142857142858,5.527027027027027,2.89375,3.980769230769231,-1.5555555555555556
2019-05-29,2.0572916666666665,4.239130434782608,5.171052631578948,,-10.308823529411764,4.607142857142857,2.327777777777778,2.7844827586206895,-1.1197916666666667
2019-05-30,0.6078431372549019,3.8297872340425534,4.653846153846154,,-10.308823529411764,4.151162790697675,1.951086956521739,2.7844827586206895,-1.403061224489796
2019-05-31,-0.2688679245283019,2.75,3.3353658536585367,,-10.308823529411764,2.9611111111111112,0.9270833333333334,2.7844827586206895,-2.235294117647059
2019-06-01,-0.2688679245283019,2.75,3.3353658536585367,,-10.308823529411764,2.9611111111111112,0.9270833333333334,2.7844827586206895,-2.235294117647059
2019-06-02,-0.4305555555555556,2.515,3.0416666666666665,,-10.308823529411764,2.7010869565217392,0.7244897959183674,2.3916666666666666,-2.3653846153846154
2019-06-03,0.793859649122807,4.076923076923077,3.0416666666666665,,-10.308823529411764,4.385416666666667,2.3872549019607843,5.540322580645161,-0.6805555555555556
2019-06-04,-0.5208333333333334,2.922727272727273,2.808139534883721,,-10.308823529411764,3.4,1.5330188679245282,4.666666666666667,-0.9732142857142857
2019-06-05,-0.819672131147541,2.741228070175439,2.5833333333333335,,-10.308823529411764,3.1826923076923075,1.3954545454545455,4.271428571428571,0.3684210526315789
2019-06-06,0.2782258064516129,2.1,2.095744680851064,,-10.308823529411764,2.581818181818182,0.9181034482758621,3.560810810810811,-0.15416666666666667
2019-06-07,0.7757352941176471,3.2576923076923077,1.865,,-10.308823529411764,4.461864406779661,2.814516129032258,5.49375,1.75
2019-06-08,0.7757352941176471,3.2576923076923077,1.865,,-10.308823529411764,4.461864406779661,2.814516129032258,5.49375,1.75
2019-06-09,0.7757352941176471,3.2576923076923077,1.865,5.35,-10.308823529411764,4.461864406779661,2.814516129032258,5.49375,1.75
2019-06-10,1.0357142857142858,2.9393939393939394,1.4803921568627452,5.35,-10.308823529411764,4.461864406779661,2.814516129032258,5.49375,1.45
2019-06-11,1.9075342465753424,2.5217391304347827,1.0277777777777777,5.35,-9.98611111111111,3.9233870967741935,2.376923076923077,4.645348837209302,1.0919117647058822
2019-06-12,1.7833333333333334,2.3732394366197185,0.7954545454545454,5.40625,-10.078947368421053,3.71484375,2.2238805970149254,4.681818181818182,0.9821428571428571
2019-06-13,1.5584415584415585,1.75,0.5803571428571429,4.426470588235294,-10.078947368421053,2.966417910447761,1.5714285714285714,4.322222222222222,0.8098591549295775
2019-06-14,1.5759493670886076,1.736842105263158,0.603448275862069,3.5277777777777777,-10.078947368421053,2.9166666666666665,1.5625,3.972826086956522,0.9965277777777778
2019-06-15,1.5759493670886076,1.736842105263158,0.603448275862069,3.5277777777777777,-10.078947368421053,2.9166666666666665,1.5625,3.972826086956522,0.9965277777777778
2019-06-16,1.5759493670886076,1.736842105263158,0.603448275862069,3.5277777777777777,-10.078947368421053,2.9166666666666665,1.5625,3.972826086956522,0.9965277777777778
2019-06-17,1.5061728395061729,1.7307692307692308,0.6333333333333333,3.5277777777777777,-9.0875,2.8767605633802815,1.5608108108108107,3.74468085106383,1.010135135135135
2019-06-18,1.3764705882352941,1.428125,0.2782258064516129,3.5277777777777777,-9.297619047619047,2.5136986301369864,1.2467105263157894,3.3622448979591835,0.9
2019-06-19,1.4073033707865168,0.8214285714285714,-0.03461538461538462,3.013157894736842,-9.125,1.7954545454545454,0.61875,2.793269230769231,0.3069620253164557
2019-06-20,0.6263736263736264,0.6482558139534884,-0.06060606060606061,2.775,-9.125,1.5822784810126582,0.4420731707317073,2.707547169811321,0.13580246913580246
2019-06-21,0.4483695652173913,0.45977011494252873,-0.2947761194029851,1.8928571428571428,-9.41304347826087,1.365625,0.2469879518072289,2.707547169811321,-0.057926829268292686
2019-06-22,0.4483695652173913,0.45977011494252873,-0.2947761194029851,1.8928571428571428,-9.41304347826087,1.365625,0.2469879518072289,2.707547169811321,-0.057926829268292686
2019-06-23,0.4483695652173913,0.45977011494252873,-0.2947761194029851,1.8928571428571428,-9.41304347826087,1.365625,0.2469879518072289,2.707547169811321,-0.057926829268292686
2019-06-24,0.4401041666666667,0.6027777777777777,-0.07857142857142857,2.25,-8.96875,1.4879518072289157,0.4764705882352941,2.6830357142857144,0.1130952380952381
2019-06-25,1.7396907216494846,0.22282608695652173,-0.5451388888888888,1.86,-8.96875,1.0558823529411765,0.07758620689655173,2.331896551724138,-0.2819767441860465
2019-06-26,1.8535353535353536,0.375,-0.10616438356164383,1.1442307692307692,-7.711538461538462,1.2011494252873562,0.24157303370786518,2.2033898305084745,0.08333333333333333
2019-06-27,1.6782178217821782,0.125,-0.39935064935064934,0.3275862068965517,-7.814814814814815,0.8956043956043956,-0.016129032258064516,2.120833333333333,-0.19722222222222222
2019-06-28,1.8480392156862746,0.2925,-0.5705128205128205,1.3416666666666666,-7.814814814814815,1.0591397849462365,-0.21842105263157896,2.120833333333333,-0.19722222222222222
2019-06-29,1.8480392156862746,0.2925,-0.5705128205128205,1.3416666666666666,-7.814814814814815,1.0591397849462365,-0.21842105263157896,2.120833333333333,-0.19722222222222222
2019-06-30,1.8480392156862746,0.2925,-0.5705128205128205,1.3416666666666666,-7.814814814814815,1.0591397849462365,-0.21842105263157896,2.120833333333333,-0.19722222222222222
2019-07-01,2.125,0.6053921568627451,-0.15,2.5403225806451615,-7.814814814814815,1.3789473684210527,0.1211340206185567,1.9877049180327868,0.16032608695652173
2019-07-02,2.3154205607476634,0.8428571428571429,0.17771084337349397,2.203125,-7.830357142857143,1.6096938775510203,0.385,2.5198412698412698,0.5558510638297872
2019-07-03,2.1136363636363638,0.6782407407407407,0.052941176470588235,1.7720588235294117,-7.830357142857143,1.4108910891089108,0.22572815533980584,2.1742424242424243,0.38144329896907214
2019-07-04,1.90625,0.6681818181818182,0.05459770114942529,1.7720588235294117,-7.830357142857143,1.3859223300970873,0.22380952380952382,2.113970588235294,0.37626262626262624
2019-07-05,1.4051724137931034,0.43080357142857145,-0.2303370786516854,0.9722222222222222,-7.830357142857143,1.119047619047619,0.04009433962264151,1.9963768115942029,0.1188118811881188
2019-07-06,1.4051724137931034,0.43080357142857145,-0.2303370786516854,0.9722222222222222,-7.830357142857143,1.119047619047619,0.04009433962264151,1.9963768115942029,0.1188118811881188
2019-07-07,1.4051724137931034,0.43080357142857145,-0.2303370786516854,0.9722222222222222,-7.830357142857143,1.119047619047619,0.04009433962264151,1.9963768115942029,0.1188118811881188
2019-07-08,1.3347457627118644,0.36283185840707965,-0.30833333333333335,0.9722222222222222,-7.810344827586207,1.0400943396226414,-0.028037383177570093,1.8642857142857143,0.04656862745098039
2019-07-09,0.9648760330578512,0.16956521739130434,-0.5353260869565217,0.9722222222222222,-7.810344827586207,0.8217592592592593,-0.22477064220183487,1.7605633802816902,-0.16105769230769232
2019-07-10,0.6350806451612904,-0.014830508474576272,-0.6728723404255319,0.9722222222222222,-7.810344827586207,0.6081081081081081,-0.40848214285714285,1.6354166666666667,-0.29009433962264153
2019-07-11,0.34523809523809523,-0.08823529411764706,-0.7578947368421053,0.9722222222222222,-7.841666666666667,0.5245535714285714,-0.4823008849557522,1.4931506849315068,-0.3691588785046729
2019-07-12,0.234375,-0.15208333333333332,-0.8307291666666666,0.9722222222222222,-7.841666666666667,0.45132743362831856,-0.5460526315789473,1.3682432432432432,-0.4375
2019-07-13,0.234375,-0.15208333333333332,-0.8307291666666666,0.9722222222222222,-7.841666666666667,0.45132743362831856,-0.5460526315789473,1.3682432432432432,-0.4375
2019-07-14,0.1434108527131783,-0.24586776859504134,-0.9407216494845361,0.6351351351351351,-7.959677419354839,0.34649122807017546,-0.6413043478260869,1.3682432432432432,-0.4375
2019-07-15,0.07633587786259542,-0.31097560975609756,-0.9591836734693877,0.38461538461538464,-7.959677419354839,0.2672413793103448,-0.7029914529914529,1.2203947368421053,-0.5068181818181818
2019-07-16,0.39849624060150374,0.038,-0.45454545454545453,1.4146341463414633,-7.371212121212121,0.6271186440677966,-0.32983193277310924,1.1266233766233766,-0.11383928571428571
2019-07-17,0.32649253731343286,0.2777777777777778,-0.1475,1.4146341463414633,-7.371212121212121,0.8760504201680672,-0.075,1.0512820512820513,-0.15486725663716813
2019-07-18,0.8833333333333333,0.171875,-0.27205882352941174,1.255952380952381,-7.371212121212121,0.7541322314049587,-0.18032786885245902,0.8625,-0.26521739130434785
2019-07-19,0.391304347826087,-0.04807692307692308,-0.3470873786407767,1.255952380952381,-7.75,0.5121951219512195,-0.40524193548387094,0.7530864197530864,-0.5021367521367521
2019-07-20,0.391304347826087,-0.04807692307692308,-0.3470873786407767,1.255952380952381,-7.75,0.5121951219512195,-0.40524193548387094,0.7530864197530864,-0.5021367521367521
2019-07-21,0.391304347826087,-0.04807692307692308,-0.3470873786407767,1.255952380952381,-7.75,0.5121951219512195,-0.40524193548387094,0.7530864197530864,-0.5021367521367521
2019-07-22,0.2375886524822695,-0.20112781954887218,-0.40865384615384615,1.069767441860465,-7.6571428571428575,0.3373015873015873,-0.5570866141732284,0.48214285714285715,-0.5882352941176471
2019-07-23,-0.09246575342465753,-0.5344202898550725,-0.7037037037037037,0.592391304347826,-7.6571428571428575,-0.03435114503816794,-0.8920454545454546,0.25,-0.9435483870967742
2019-07-24,-0.3875838926174497,-0.8368794326241135,-1.0833333333333333,0.0,-8.208333333333334,-0.31954887218045114,-1.162313432835821,0.15056818181818182,-1.2696850393700787
2019-07-25,-0.6185064935064936,-1.0650684931506849,-1.1907894736842106,-0.5384615384615384,-8.223684210526315,-0.5797101449275363,-1.3902877697841727,0.14166666666666666,-1.5056818181818181
2019-07-26,-0.38225806451612904,-0.8129251700680272,-0.8673913043478261,-0.6839622641509434,-7.089743589743589,-0.31654676258992803,-1.1232142857142857,0.5357142857142857,-1.2236842105263157
2019-07-27,-0.38225806451612904,-0.8129251700680272,-0.8673913043478261,-0.6839622641509434,-7.089743589743589,-0.31654676258992803,-1.1232142857142857,0.5357142857142857,-1.2236842105263157
2019-07-28,-0.38225806451612904,-0.8129251700680272,-0.8673913043478261,-0.6839622641509434,-7.089743589743589,-0.31654676258992803,-1.1232142857142857,0.5357142857142857,-1.2236842105263157
2019-07-29,-0.23076923076923078,-0.9628378378378378,-0.9658119658119658,-0.9,-7.089743589743589,-0.4785714285714286,-1.2007042253521127,0.3817204301075269,-1.3037037037037038
2019-07-30,-0.19025157232704404,-0.9056291390728477,-0.89375,-0.9,-6.463414634146342,-0.42832167832167833,-1.1362068965517242,0.2394736842105263,-1.3363970588235294
2019-07-31,0.2822085889570552,-0.3903225806451613,-0.25,0.7324561403508771,-7.104651162790698,0.10204081632653061,-0.5939597315436241,1.0,-0.6960431654676259
2019-08-01,2.036144578313253,0.690625,1.193359375,0.2796610169491525,-7.104651162790698,1.3029801324503312,0.5637254901960784,2.5961538461538463,0.515625
2019-08-02,2.473529411764706,1.2067901234567902,1.193359375,0.025,-7.104651162790698,1.9523026315789473,1.2094155844155845,3.5238095238095237,1.0907534246575343
2019-08-03,2.473529411764706,1.2067901234567902,1.193359375,0.025,-7.104651162790698,1.9523026315789473,1.2094155844155845,3.5238095238095237,1.0907534246575343
2019-08-04,3.3875739644970415,2.158385093167702,2.3996062992125986,1.6639344262295082,-4.034883720930233,2.9718543046357615,2.2107843137254903,4.433962264150943,2.146551724137931
2019-08-05,2.8026315789473686,1.5696969696969696,2.189453125,1.25,-4.034883720930233,2.448051948051948,1.853225806451613,4.40566037735849,1.49496644295302
2019-08-06,2.5248538011695905,1.2818181818181817,2.2023809523809526,0.8253968253968254,-4.9186046511627906,2.1396103896103895,1.5467741935483872,4.172169811320755,1.2516666666666667
2019-08-07,1.5380116959064327,0.39090909090909093,1.1011904761904763,0.8253968253968254,-4.875,1.1435483870967742,0.5608974358974359,2.5185185185185186,0.3674496644295302
2019-08-08,1.5263157894736843,0.3787878787878788,0.9464285714285714,0.66796875,-4.976744186046512,1.0,0.582258064516129,3.153669724770642,0.4391891891891892
2019-08-09,1.8034682080924855,0.3509036144578313,0.905511811023622,0.5923076923076923,-4.976744186046512,0.9663461538461539,0.5512820512820513,3.0863636363636364,0.4077181208053691
2019-08-10,1.8034682080924855,0.3509036144578313,0.905511811023622,0.5923076923076923,-4.976744186046512,0.9663461538461539,0.5512820512820513,3.0863636363636364,0.4077181208053691
2019-08-11,1.2325581395348837,-0.4126506024096386,-0.09251968503937008,0.17803030303030304,-4.5,0.15384615384615385,-0.26121794871794873,2.197247706422018,-0.4429530201342282
2019-08-12,2.276627218934911,-0.06515151515151515,0.044,0.8917910447761194,-3.65,0.6258064516129033,0.42045454545454547,2.6319444444444446,-0.1326530612244898
2019-08-13,1.4220588235294118,-0.6272727272727273,0.17540322580645162,0.5882352941176471,-3.230769230769231,-0.0016025641025641025,-0.08279220779220779,2.9403669724770642,-0.08277027027027027
2019-08-14,0.5176470588235295,-0.7331288343558282,0.0471311475409836,0.5882352941176471,-3.230769230769231,0.12419354838709677,0.04411764705882353,2.8457943925233646,-0.1934931506849315
2019-08-15,1.495639534883721,0.3015151515151515,1.3024193548387097,0.5882352941176471,-3.230769230769231,1.2006369426751593,1.3133116883116882,2.6921296296296298,-0.08221476510067115
2019-08-16,1.04,-0.15178571428571427,0.8134920634920635,0.39492753623188404,-3.55625,0.7078125,1.1105769230769231,2.3795454545454544,-0.2731788079470199
2019-08-17,1.04,-0.15178571428571427,0.8134920634920635,0.39492753623188404,-3.55625,0.7078125,1.1105769230769231,2.3795454545454544,-0.2731788079470199
2019-08-18,0.09,-0.8952095808383234,-0.028225806451612902,0.20714285714285716,-3.4166666666666665,-0.03459119496855346,0.35161290322580646,2.311926605504587,-0.2550335570469799
2019-08-19,0.16428571428571428,-0.8272727272727273,0.15040650406504066,0.07971014492753623,-3.164473684210526,0.04777070063694268,0.4411764705882353,2.2409090909090907,-0.13356164383561644
2019-08-20,0.03571428571428571,-1.18562874251497,-0.344,-0.05357142857142857,-4.230263157894737,-0.33962264150943394,0.03870967741935484,1.7725225225225225,-0.35517241379310344
2019-08-21,0.0,-1.1355421686746987,-0.27419354838709675,-0.05357142857142857,-4.006756756756757,-0.3375796178343949,0.0457516339869281,2.022935779816514,-0.2517605633802817
2019-08-22,-0.16473988439306358,-1.1234756097560976,-0.2807377049180328,-0.5,-3.607142857142857,-0.31451612903225806,0.07450331125827815,2.1828703703703702,-0.06607142857142857
2019-08-23,-0.7779329608938548,-1.551775147928994,-0.602,-0.9420289855072463,-3.607142857142857,-0.9323899371069182,-0.5693548387096774,1.9272727272727272,-0.4084507042253521
2019-08-24,-0.7779329608938548,-1.551775147928994,-0.602,-0.9420289855072463,-3.607142857142857,-0.9323899371069182,-0.5693548387096774,1.9272727272727272,-0.4084507042253521
2019-08-25,-1.0977653631284916,-1.8426470588235293,-1.001984126984127,-0.9420289855072463,-3.607142857142857,-0.9323899371069182,-0.5693548387096774,1.9272727272727272,-0.4084507042253521
2019-08-26,-0.44305555555555554,-2.56140350877193,-1.6626984126984128,-1.25,-4.659722222222222,-1.70625,-0.8120915032679739,2.1588785046728973,-0.7356115107913669
2019-08-27,-0.5522598870056498,-2.6751497005988023,-1.5609756097560976,-1.2427536231884058,-4.113636363636363,-1.8060897435897436,-0.8926174496644296,2.2285714285714286,-1.1032608695652173
2019-08-28,-0.26857142857142857,-2.687125748502994,-1.5772357723577235,-1.0404411764705883,-4.621428571428571,-1.8189102564102564,-0.9060402684563759,2.053738317757009,-1.1177536231884058
2019-08-29,-0.42428571428571427,-2.772590361445783,-1.2334710743801653,-1.0404411764705883,-4.621428571428571,-1.9048387096774193,-0.9898648648648649,1.9259259259259258,-0.8813868613138686
2019-08-30,-0.6709039548022598,-3.0044642857142856,-1.2334710743801653,-1.4456521739130435,-4.621428571428571,-2.1640127388535033,-1.2733333333333334,1.9259259259259258,-0.9873188405797102
2019-08-31,-0.6235795454545454,-2.968562874251497,-1.16875,-1.4456521739130435,-4.621428571428571,-2.1201923076923075,-1.221476510067114,2.02803738317757,-0.9288321167883211
2019-09-01,-1.0589080459770115,-3.5421686746987953,-1.2086776859504131,-1.4456521739130435,-4.621428571428571,-2.729032258064516,-1.8530405405405406,1.0373831775700935,-1.6139705882352942
2019-09-02,-0.8706896551724138,-3.4352409638554215,-1.2458677685950412,-1.3639705882352942,-4.8125,-2.6666666666666665,-1.7936241610738255,0.8819444444444444,-1.717153284671533
2019-09-03,-1.015625,-3.663173652694611,-1.5758196721311475,-2.7355072463768115,-4.8125,-2.9140127388535033,-1.9983221476510067,0.7337962962962963,-2.566546762589928
2019-09-04,-0.8531073446327684,-2.930722891566265,-0.6157024793388429,-0.9738805970149254,-2.0592105263157894,-2.173076923076923,-1.2111486486486487,1.7777777777777777,-1.6775362318840579
2019-09-05,-1.235632183908046,-3.663109756097561,-0.8078512396694215,-2.1,-2.2884615384615383,-3.153225806451613,-2.238095238095238,0.6990740740740741,-2.7224264705882355
2019-09-06,-1.2669491525423728,-3.7080838323353293,-0.9375,-2.1704545454545454,-2.2884615384615383,-3.2104430379746836,-2.316666666666667,0.5409090909090909,-2.7989130434782608
2019-09-07,-1.2669491525423728,-3.7080838323353293,-0.9375,-2.1704545454545454,-2.2884615384615383,-3.2104430379746836,-2.316666666666667,0.5409090909090909,-2.7989130434782608
2019-09-08,-1.3942857142857144,-3.6234939759036147,-0.8008130081300813,-2.1704545454545454,-2.2884615384615383,-3.2104430379746836,-2.316666666666667,0.5409090909090909,-2.68978102189781
2019-09-09,-1.6077586206896552,-3.340909090909091,-0.7148760330578512,-2.2574626865671643,-2.2302631578947367,-2.910828025477707,-1.99496644295302,0.6620370370370371,-2.640740740740741
2019-09-10,-1.3764367816091954,-3.6511976047904193,-1.1189516129032258,-2.7761194029850746,-2.75,-3.242138364779874,-2.3333333333333335,0.6674311926605505,-2.5444444444444443
2019-09-11,-1.6494252873563218,-3.1009036144578315,-0.4112903225806452,-2.647727272727273,-2.75,-2.661392405063291,-1.7114093959731544,1.474770642201835,-1.8944444444444444
2019-09-12,-1.717142857142857,-3.1511976047904193,-0.5,-2.5076923076923077,-2.75,-2.7169811320754715,-1.7766666666666666,1.4431818181818181,-1.9926470588235294
2019-09-13,-1.8412921348314606,-3.2558823529411764,-0.65748031496063,-2.5076923076923077,-2.9375,-2.8348765432098766,-1.8651315789473684,1.163716814159292,-2.1456834532374103
2019-09-14,-1.8412921348314606,-3.2558823529411764,-0.65748031496063,-2.5076923076923077,-2.9375,-2.8348765432098766,-1.8651315789473684,1.163716814159292,-2.1456834532374103
2019-09-15,-1.8480113636363635,-3.437869822485207,-0.8809523809523809,-2.840909090909091,-3.2628205128205128,-3.0232919254658386,-2.0596026490066226,1.1504424778761062,-2.3605072463768115
2019-09-16,-1.573699421965318,-3.445266272189349,-0.822,-2.840909090909091,-2.9934210526315788,-3.031055900621118,-2.0678807947019866,1.1763392857142858,-2.449640287769784
2019-09-17,-1.7691176470588235,-2.9835329341317367,-0.3588709677419355,-2.8295454545454546,-3.25,-2.540880503144654,-1.5318791946308725,1.865909090909091,-2.321167883211679
2019-09-18,-1.0905172413793103,-3.054733727810651,-0.5416666666666666,-2.8461538461538463,-3.25,-2.62111801242236,-1.630794701986755,1.65625,-2.4625
2019-09-19,-0.8117816091954023,-2.735207100591716,-0.1130952380952381,-2.0153846153846153,-3.0723684210526314,-2.2857142857142856,-1.2731788079470199,1.5619469026548674,-2.366906474820144
2019-09-20,-1.2932960893854748,-2.989884393063584,-0.5326923076923077,-2.578358208955224,-3.0723684210526314,-2.3765243902439024,-1.3896103896103895,1.334051724137931,-2.4700704225352115
2019-09-21,-1.2932960893854748,-2.989884393063584,-0.5326923076923077,-2.578358208955224,-3.0723684210526314,-2.3765243902439024,-1.3896103896103895,1.334051724137931,-2.4700704225352115
2019-09-22,-1.3285714285714285,-3.126470588235294,-0.65748031496063,-2.921875,-3.189189189189189,-2.5093167701863353,-1.5394736842105263,1.3097345132743363,-2.607142857142857
2019-09-23,-1.9275568181818181,-2.8117647058823527,-0.12896825396825398,-3.01953125,-3.189189189189189,-2.1770186335403725,-1.1875,1.2699115044247788,-2.487410071942446
2019-09-24,-2.525,-3.25,-0.7751937984496124,-3.0846153846153848,-4.236486486486487,-2.644817073170732,-1.7016129032258065,1.1271929824561404,-3.124125874125874
2019-09-25,-2.5345303867403315,-3.1926470588235296,-0.6388888888888888,-2.907258064516129,-1.25,-2.5729813664596275,-1.606907894736842,1.1206140350877194,-3.015957446808511
2019-09-26,-2.7266483516483517,-3.401470588235294,-0.6091269841269841,-3.642857142857143,-1.25,-2.7934782608695654,-1.6019736842105263,0.9418103448275862,-3.1031468531468533
2019-09-27,-2.5201612903225805,-3.622159090909091,-0.8788461538461538,-3.792307692307692,-1.25,-3.0479041916167664,-1.9161392405063291,0.5206611570247934,-3.3758389261744965
2019-09-28,-2.5201612903225805,-3.622159090909091,-0.8788461538461538,-3.792307692307692,-1.25,-3.0479041916167664,-1.9161392405063291,0.5206611570247934,-3.3758389261744965
2019-09-29,-2.724184782608696,-3.8505747126436782,-1.146484375,-4.453125,-1.25,-3.2818181818181817,-2.1490384615384617,0.575,-3.642857142857143
2019-09-30,-3.054054054054054,-4.149425287356322,-1.4763779527559056,-4.421875,-1.0555555555555556,-3.596969696969697,-2.4823717948717947,0.05165289256198347,-4.04222972972973
2019-10-01,-2.441576086956522,-4.133040935672515,-1.418,-4.399193548387097,-1.0555555555555556,-3.5694444444444446,-2.4313725490196076,0.18220338983050846,-4.020689655172414
2019-10-02,-2.574324324324324,-4.226608187134503,-1.546,-4.399193548387097,-1.0555555555555556,-3.66820987654321,-2.5359477124183005,0.046610169491525424,-4.13103448275862
2019-10-03,-1.8278688524590163,-3.5453216374269005,-0.614,-4.125,-1.0555555555555556,-2.9130434782608696,-1.7565359477124183,0.8634453781512605,-3.3275862068965516
2019-10-04,-1.891304347826087,-3.5453216374269005,-0.614,-4.125,-1.0555555555555556,-2.9130434782608696,-1.7565359477124183,0.8634453781512605,-3.3275862068965516
2019-10-05,-1.891304347826087,-3.5453216374269005,-0.614,-4.125,-1.0555555555555556,-2.9130434782608696,-1.7565359477124183,0.8634453781512605,-3.3275862068965516
2019-10-06,-1.8818681318681318,-3.523529411764706,-0.5604838709677419,-4.125,-0.8785714285714286,-2.8859375,-1.7203947368421053,0.9322033898305084,-3.3003472222222223
2019-10-07,-1.5708333333333333,-3.304733727810651,-0.5345528455284553,-3.7459016393442623,-0.3263888888888889,-2.64937106918239,-1.4635761589403973,0.9871794871794872,-3.0402097902097904
2019-10-08,-1.851388888888889,-3.4047619047619047,-0.4610655737704918,-4.178571428571429,-1.135135135135135,-2.5764331210191083,-1.3708053691275168,1.0106837606837606,-2.994718309859155
2019-10-09,-2.052197802197802,-3.6491228070175437,-0.7600806451612904,-4.178571428571429,-0.9236111111111112,-2.853125,-1.6858552631578947,0.7373949579831933,-3.217013888888889
2019-10-10,-2.3128415300546448,-3.954285714285714,-1.1948818897637796,-4.761363636363637,-0.9236111111111112,-3.198170731707317,-2.078525641025641,0.6104166666666667,-3.589527027027027
2019-10-11,-2.681451612903226,-4.074858757062147,-1.1948818897637796,-4.776119402985074,-0.9236111111111112,-3.335843373493976,-2.2373417721518987,0.6104166666666667,-3.736666666666667
2019-10-12,-2.633783783783784,-4.032670454545454,-1.1130952380952381,-4.674242424242424,-0.6214285714285714,-3.286363636363636,-2.178343949044586,0.6104166666666667,-3.736666666666667
2019-10-13,-2.616120218579235,-4.030172413793103,-1.1,-4.6875,-0.6214285714285714,-3.2745398773006134,-2.1516129032258067,0.6927966101694916,-3.72972972972973
2019-10-14,-2.8391891891891894,-4.248579545454546,-1.3838582677165354,-5.111538461538461,-0.9191176470588235,-3.5166666666666666,-2.4203821656050954,0.8208333333333333,-3.99
2019-10-15,-2.992021276595745,-4.606145251396648,-1.83203125,-5.2272727272727275,-0.9191176470588235,-3.9107142857142856,-2.7735849056603774,0.569672131147541,-4.184640522875817
2019-10-16,-3.4193121693121693,-4.579608938547486,-1.860236220472441,-5.1940298507462686,-1.3142857142857143,-3.8824404761904763,-2.743710691823899,0.6875,-4.15359477124183
2019-10-17,-3.2247340425531914,-4.485955056179775,-1.8523622047244095,-5.1940298507462686,-0.9357142857142857,-3.7784431137724552,-2.6265822784810124,0.6958333333333333,-4.041118421052632
2019-10-18,-3.3251295336787563,-4.306629834254144,-1.6317829457364341,-4.670289855072464,-0.9357142857142857,-3.6,-2.4328125,0.5819672131147541,-3.8403225806451613
2019-10-19,-3.3251295336787563,-4.306629834254144,-1.6317829457364341,-4.670289855072464,-0.9357142857142857,-3.6,-2.4328125,0.5819672131147541,-3.8403225806451613
2019-10-20,-3.2697368421052633,-4.264044943820225,-1.591796875,-4.639705882352941,-0.8308823529411765,-3.5419161676646707,-2.3487261146496814,0.7689075630252101,-3.816993464052288
2019-10-21,-2.6733870967741935,-3.6494252873563218,-0.746,-3.3295454545454546,1.3928571428571428,-2.8680981595092025,-1.5996732026143792,0.8686440677966102,-3.2864238410596025
2019-10-22,-1.9598930481283423,-2.8591954022988504,0.3790322580645161,-1.4653846153846153,1.792857142857143,-2.0503048780487805,-0.737012987012987,1.7020833333333334,-2.3758278145695364
2019-10-23,-1.9415760869565217,-2.8552631578947367,0.36065573770491804,-1.2222222222222223,2.4166666666666665,-2.031055900621118,-0.6903973509933775,1.638655462184874,-2.3614864864864864
2019-10-24,-2.2934782608695654,-3.083823529411765,0.06611570247933884,-1.1088709677419355,1.3671875,-2.26875,-0.935,1.347457627118644,-2.622448979591837
2019-10-25,-1.814516129032258,-2.5188953488372094,0.8048780487804879,-1.1088709677419355,0.5454545454545454,-1.6790123456790123,-0.32401315789473684,2.0833333333333335,-1.976510067114094
2019-10-26,-1.814516129032258,-2.5188953488372094,0.8048780487804879,-1.1088709677419355,0.5454545454545454,-1.6790123456790123,-0.32401315789473684,2.0833333333333335,-1.976510067114094
2019-10-27,-1.95,-2.3991228070175437,0.9276859504132231,-0.925,0.5454545454545454,-1.546583850931677,-0.24,2.2309322033898304,-1.913265306122449
2019-10-28,-2.01775956284153,-2.477810650887574,0.8718487394957983,-0.925,0.20967741935483872,-1.619496855345912,-0.30067567567567566,2.3354700854700856,-1.8928571428571428
2019-10-29,-2.2845303867403315,-2.6265060240963853,0.7456896551724138,-2.5466101694915255,3.533333333333333,-1.7612179487179487,-0.42586206896551726,2.245614035087719,-2.0982758620689657
2019-10-30,-3.579608938547486,-3.3472222222222223,-0.28761061946902655,-1.0387931034482758,3.533333333333333,-2.560457516339869,-1.2095070422535212,0.7798165137614679,-2.9113475177304964
2019-10-31,-4.046348314606742,-3.6875,-0.5193965517241379,-1.0129310344827587,3.129032258064516,-3.0080128205128207,-1.7189655172413794,-0.26590909090909093,-3.2359154929577465
2019-11-01,-3.8027777777777776,-3.6924242424242424,-0.5193965517241379,-1.0129310344827587,2.890625,-3.017515923566879,-1.7380136986301369,-0.30405405405405406,-3.2447552447552446
2019-11-02,-4.38268156424581,-4.324695121951219,-1.3934782608695653,-2.7850877192982457,-0.24193548387096775,-3.6778846153846154,-2.439655172413793,-1.2159090909090908,-3.971830985915493
2019-11-03,-3.5545977011494254,-3.768987341772152,-0.9866071428571429,-2.40625,-0.24193548387096775,-3.1572847682119205,-1.9680851063829787,-1.114678899082569,-3.3106617647058822
2019-11-04,-3.315340909090909,-3.49375,-1.043859649122807,-1.9913793103448276,0.7741935483870968,-2.877450980392157,-1.6853146853146854,-0.8272727272727273,-2.9726277372262775
2019-11-05,-2.742897727272727,-3.1625,-0.7891304347826087,-1.9913793103448276,0.6015625,-2.531045751633987,-1.2623239436619718,-0.268348623853211,-2.6684782608695654
2019-11-06,-2.9673295454545454,-3.3296875,-1.5416666666666667,-1.2966101694915255,2.0625,-2.7483766233766236,-1.6684027777777777,-0.7363636363636363,-2.929856115107914
2019-11-07,-3.104285714285714,-3.0953125,-1.212719298245614,-1.5491803278688525,2.0625,-2.5048701298701297,-1.4079861111111112,-0.8571428571428571,-2.6600719424460433
2019-11-08,-2.734375,-3.2407975460122698,-1.4224137931034482,-1.7341269841269842,1.6818181818181819,-2.667197452229299,-1.6037414965986394,-0.9714912280701754,-2.175
2019-11-09,-2.734375,-3.095679012345679,-1.2021739130434783,-1.3306451612903225,1.6818181818181819,-2.5128205128205128,-1.4315068493150684,-0.9714912280701754,-1.9982014388489209
2019-11-10,-3.3693181818181817,-3.1140625,-1.0635964912280702,-2.139344262295082,1.5147058823529411,-2.6233766233766236,-1.7482758620689656,-1.0959821428571428,-2.0036496350364965
2019-11-11,-2.9571428571428573,-2.7056962025316458,-0.691304347826087,-1.3225806451612903,1.5147058823529411,-2.192434210526316,-1.40625,-1.4821428571428572,-1.8074074074074074
2019-11-12,-2.177142857142857,-2.8171875,-0.8782051282051282,-1.64453125,1.15,-2.314935064935065,-1.5222602739726028,-1.5132743362831858,-1.9507299270072993
2019-11-13,-2.7427745664739884,-3.539808917197452,-2.034782608695652,-1.64453125,1.15,-3.056291390728477,-2.454861111111111,-1.375,-2.0166666666666666
2019-11-14,-2.492816091954023,-3.360062893081761,-1.764957264957265,-1.9038461538461537,1.3571428571428572,-2.8758169934640523,-2.57312925170068,-1.3053097345132743,-2.0054744525547443
2019-11-15,-2.204285714285714,-3.4012345679012346,-1.8088235294117647,-1.9393939393939394,0.9459459459459459,-2.9278846153846154,-2.62248322147651,-1.415948275862069,-2.0821428571428573
2019-11-16,-2.1436781609195403,-3.343167701863354,-1.8088235294117647,-1.773076923076923,0.9459459459459459,-2.8645161290322583,-2.554054054054054,-1.317391304347826,-2.0053956834532376
2019-11-17,-2.2122093023255816,-3.3296875,-1.777542372881356,-1.773076923076923,0.9459459459459459,-2.8474025974025974,-2.5340136054421767,-1.280701754385965,-2.0053956834532376
2019-11-18,-2.1666666666666665,-3.2169811320754715,-1.6111111111111112,-1.8423076923076922,1.0405405405405406,-2.727124183006536,-2.405821917808219,-1.111842105263158,-1.9339285714285714
2019-11-19,-1.7189349112426036,-3.0617088607594938,-1.3012820512820513,-1.4886363636363635,1.0405405405405406,-2.4901960784313726,-2.1575342465753424,-1.1369565217391304,-1.8513986013986015
2019-11-20,-0.6852941176470588,-2.4359375,-1.3453389830508475,0.8455882352941176,0.7027027027027027,-1.8516129032258064,-1.4932432432432432,-1.0986842105263157,-2.132758620689655
2019-11-21,-0.03787878787878788,-2.089622641509434,-1.161764705882353,1.4926470588235294,0.7027027027027027,-1.3419354838709678,-0.9594594594594594,-0.75,-1.686206896551724
2019-11-22,-0.040419161676646706,-2.1552795031055902,-1.2354166666666666,1.4926470588235294,0.7027027027027027,-1.4187898089171975,-0.9848993288590604,-0.7847826086956522,-1.707191780821918
2019-11-23,0.26656626506024095,-1.85,-0.8172268907563025,1.4926470588235294,0.7027027027027027,-1.4187898089171975,-0.9848993288590604,-0.7847826086956522,-1.707191780821918
2019-11-24,-0.7789634146341463,-1.4335443037974684,-0.586864406779661,2.3863636363636362,1.875,-0.9887096774193549,-0.5255102040816326,-0.7847826086956522,-1.2482638888888888
2019-11-25,-1.0406626506024097,-1.4229559748427674,-0.5798319327731093,2.352272727272727,1.875,-0.882258064516129,-0.32653061224489793,-0.6413043478260869,-1.1493055555555556
2019-11-26,-1.0461309523809523,-1.423913043478261,-0.5625,2.113970588235294,2.236111111111111,-0.8901273885350318,-0.3422818791946309,-0.6173913043478261,-1.103448275862069
2019-11-27,-0.7113095238095238,-1.1651234567901234,-0.6198347107438017,1.8214285714285714,2.236111111111111,-0.6281645569620253,-0.07,-0.5197368421052632,-1.1267123287671232
2019-11-28,-0.31736526946107785,-0.7686335403726708,-0.6352459016393442,2.5285714285714285,1.9256756756756757,-0.21815286624203822,0.36577181208053694,-0.5369565217391304,-1.0275862068965518
2019-11-29,-0.31736526946107785,-0.7686335403726708,-0.6352459016393442,2.426056338028169,1.9256756756756757,-0.21815286624203822,0.36577181208053694,-0.5732758620689655,-1.053082191780822
2019-11-30,-0.28313253012048195,-0.7359375,-0.5909090909090909,2.426056338028169,1.9256756756756757,-0.18108974358974358,0.40878378378378377,-0.5260869565217391,-1.0189655172413794
2019-12-01,0.05,-0.3860759493670886,-0.3037190082644628,2.426056338028169,2.298611111111111,0.18506493506493507,0.803082191780822,-0.24107142857142858,-0.8045774647887324
2019-12-02,0.10692771084337349,-0.3018867924528302,0.0021008403361344537,2.48943661971831,1.9527027027027026,0.267741935483871,0.8057432432432432,-0.10810810810810811,0.16843971631205673
2019-12-03,-1.0476190476190477,-1.2671875,-1.3181818181818181,0.46875,1.6418918918918919,-0.5596774193548387,0.05102040816326531,-0.06363636363636363,-0.9225352112676056
2019-12-04,-0.9640718562874252,-1.180817610062893,-1.2041666666666666,0.5729166666666666,2.3175675675675675,-0.4659090909090909,0.1541095890410959,0.23394495412844038,-0.875886524822695
2019-12-05,-0.8997005988023952,-1.0550314465408805,-1.0375,0.668918918918919,1.8076923076923077,-0.336038961038961,0.2910958904109589,0.39090909090909093,-0.7464788732394366
2019-12-06,-0.9270833333333334,-1.0828125,-1.0743801652892562,0.668918918918919,1.8076923076923077,-0.36935483870967745,0.25170068027210885,0.33783783783783783,-0.7797202797202797
2019-12-07,-0.9270833333333334,-1.0828125,-1.0743801652892562,0.668918918918919,1.8076923076923077,-0.36935483870967745,0.25170068027210885,0.33783783783783783,-0.7797202797202797
2019-12-08,-1.155688622754491,-1.319182389937107,-1.0166666666666666,0.6925675675675675,1.60625,-0.6087662337662337,0.003424657534246575,0.3536036036036036,-0.7674825174825175
2019-12-09,-1.526946107784431,-1.0955414012738853,-0.6196581196581197,0.918918918918919,2.5921052631578947,-0.3684210526315789,0.22413793103448276,0.29128440366972475,-1.0034965034965035
2019-12-10,-0.9805389221556886,-1.2611464968152866,-0.7692307692307693,1.6933333333333334,2.5921052631578947,-0.5394736842105263,0.04482758620689655,-0.45871559633027525,-1.3194444444444444
2019-12-11,-1.036144578313253,-1.3221153846153846,-0.8469827586206896,1.6933333333333334,3.1923076923076925,-0.597682119205298,-0.012152777777777778,-0.13990825688073394,-1.3566433566433567
2019-12-12,-0.4696969696969697,-0.8541666666666666,-0.7264957264957265,1.8525641025641026,4.205128205128205,-0.11423841059602649,0.4206896551724138,0.07242990654205607,-0.8461538461538461
2019-12-13,-0.36377245508982037,-0.8789808917197452,-0.760593220338983,1.8525641025641026,4.205128205128205,-0.14473684210526316,0.3852739726027397,0.027777777777777776,-0.8732638888888888
2019-12-14,-0.36377245508982037,-0.7275641025641025,-0.5576923076923077,2.1948051948051948,4.205128205128205,0.016556291390728478,0.5568965517241379,0.10514018691588785,-0.708041958041958
2019-12-15,-0.6551204819277109,-0.5941558441558441,-0.4547413793103448,2.1948051948051948,4.205128205128205,0.1644295302013423,0.7185314685314685,0.1957547169811321,-0.5620567375886525
2019-12-16,-0.48042168674698793,-0.7941176470588235,-0.7195652173913043,2.2960526315789473,4.717105263157895,-0.037162162162162164,0.5123239436619719,-0.23113207547169812,-0.35535714285714287
2019-12-17,-0.7546583850931677,-0.5383333333333333,-0.4225663716814159,2.3896103896103895,4.717105263157895,0.24310344827586206,0.8165467625899281,-0.02912621359223301,-0.07222222222222222
2019-12-18,-1.103030303030303,-0.8338815789473685,-0.8377192982456141,1.917763157894737,5.087837837837838,-0.07312925170068027,0.4787234042553192,-0.016666666666666666,-0.08576642335766424
2019-12-19,-0.6395705521472392,-0.5579470198675497,-0.4690265486725664,2.43,5.087837837837838,-0.01020408163265306,0.5443262411347518,0.07142857142857142,-0.01824817518248175
2019-12-20,-0.6554878048780488,-0.5756578947368421,-0.4934210526315789,2.43,4.815789473684211,-0.03209459459459459,0.5176056338028169,0.04009433962264151,-0.041666666666666664
2019-12-21,-0.6554878048780488,-0.5756578947368421,-0.4934210526315789,2.43,4.815789473684211,-0.03209459459459459,0.5176056338028169,0.04009433962264151,-0.041666666666666664
2019-12-22,-0.7854938271604939,-0.715,-0.7942477876106194,2.6486486486486487,4.815789473684211,-0.1678082191780822,0.38392857142857145,0.2283653846153846,0.06386861313868614
2019-12-23,-0.12341772151898735,-0.20748299319727892,-0.2725225225225225,3.0555555555555554,5.75,0.3583916083916084,0.9452554744525548,0.3581730769230769,0.6380597014925373
2019-12-24,-0.08598726114649681,-0.2533783783783784,-0.3325892857142857,3.0555555555555554,3.057142857142857,0.3072916666666667,0.8876811594202898,0.3485576923076923,0.6305970149253731
2019-12-25,0.08598726114649681,-0.1292517006802721,-0.24549549549549549,3.407142857142857,3.057142857142857,0.4388111888111888,1.0291970802919708,0.5315533980582524,0.7744360902255639
2019-12-26,-0.0915032679738562,0.2854609929078014,0.09579439252336448,3.7573529411764706,3.057142857142857,0.8905109489051095,1.5286259541984732,1.030612244897959,1.2775590551181102
2019-12-27,0.17419354838709677,0.5681818181818182,0.4701834862385321,3.375,3.057142857142857,1.1726618705035972,1.8139097744360901,1.030612244897959,1.2057692307692307
2019-12-28,0.17419354838709677,0.5681818181818182,0.4701834862385321,3.375,3.057142857142857,1.1726618705035972,1.8139097744360901,1.030612244897959,1.2057692307692307
2019-12-29,0.423841059602649,0.7607142857142857,0.6098130841121495,3.5144927536231885,3.057142857142857,1.3841911764705883,2.05,1.3289473684210527,1.4330708661417322
2019-12-30,-0.40728476821192056,0.7163120567375887,0.5532407407407407,3.5144927536231885,2.8194444444444446,1.333941605839416,1.9923664122137406,1.2578125,1.4330708661417322
2019-12-31,-0.12416107382550336,0.8125,0.677570093457944,3.4214285714285713,2.8194444444444446,1.4375,2.105769230769231,1.4052631578947368,1.5456349206349207
2020-01-01,-0.7465986394557823,0.16304347826086957,-0.17857142857142858,3.4214285714285713,2.8194444444444446,0.7074074074074074,1.3468992248062015,0.4543010752688172,0.8346774193548387
2020-01-02,-0.915,-0.03697183098591549,-0.3449074074074074,3.1666666666666665,2.8194444444444446,0.5416666666666666,1.1590909090909092,0.3157894736842105,0.591796875
2020-01-03,-0.7203947368421053,-0.22569444444444445,-0.4724770642201835,3.1666666666666665,2.358108108108108,0.3392857142857143,0.9384328358208955,0.3157894736842105,0.3730769230769231
2020-01-04,-0.7203947368421053,-0.22569444444444445,-0.4724770642201835,3.1666666666666665,2.358108108108108,0.3392857142857143,0.9384328358208955,0.3157894736842105,0.3730769230769231
2020-01-05,-0.8509933774834437,-0.36013986013986016,-0.3125,2.943661971830986,1.8958333333333333,0.20503597122302158,0.8026315789473685,0.3157894736842105,0.22868217054263565
2020-01-06,0.6006711409395973,-0.2867132867132867,-0.4908256880733945,3.532608695652174,2.8142857142857145,0.0625,0.6492537313432836,0.28157894736842104,0.075
2020-01-07,0.4867549668874172,-0.5659722222222222,-0.5185185185185185,2.8485915492957745,2.8142857142857145,-0.225177304964539,0.5652985074626866,0.5079787234042553,-0.18893129770992367
2020-01-08,1.14,0.37857142857142856,-0.009523809523809525,4.521739130434782,2.8142857142857145,0.75,1.6173076923076923,0.6451612903225806,0.240234375
2020-01-09,1.47,0.39893617021276595,-0.07311320754716981,4.267857142857143,2.8142857142857145,0.7681159420289855,1.6297709923664123,0.4868421052631579,0.26356589147286824
2020-01-10,1.7796052631578947,0.34683098591549294,-0.1191588785046729,4.003472222222222,2.5416666666666665,0.7122302158273381,1.5643939393939394,0.4088541666666667,0.2076923076923077
2020-01-11,1.7796052631578947,0.34683098591549294,-0.1191588785046729,4.003472222222222,2.5416666666666665,0.7122302158273381,1.5643939393939394,0.4088541666666667,0.2076923076923077
2020-01-12,1.8513513513513513,0.3822463768115942,-0.22596153846153846,4.021739130434782,2.7857142857142856,0.7592592592592593,1.640625,0.3064516129032258,0.24206349206349206
2020-01-13,2.0238095238095237,0.6047794117647058,0.012135922330097087,4.1521739130434785,2.7857142857142856,0.9924812030075187,1.7618110236220472,0.6428571428571429,0.4838709677419355
2020-01-14,1.7983333333333333,0.3920863309352518,0.002380952380952381,3.775,2.0416666666666665,0.7665441176470589,1.5076923076923077,0.48118279569892475,0.25393700787401574
2020-01-15,1.7066666666666668,0.20357142857142857,-0.08571428571428572,3.775,2.3,0.5711678832116789,1.297709923664122,0.5625,0.048828125
2020-01-16,1.9554794520547945,0.025362318840579712,-0.3276699029126214,3.5073529411764706,2.3,0.39444444444444443,1.0634615384615385,0.6401098901098901,-0.1488095238095238
2020-01-17,1.8445945945945945,-0.00539568345323741,-0.36538461538461536,3.3949275362318843,2.3,0.3602941176470588,1.0229007633587786,0.5869565217391305,-0.18110236220472442
2020-01-18,1.8445945945945945,-0.00539568345323741,-0.36538461538461536,3.3949275362318843,2.3,0.3602941176470588,1.0229007633587786,0.5869565217391305,-0.18110236220472442
2020-01-19,1.3333333333333333,-0.5634057971014492,-1.116504854368932,2.3125,0.10294117647058823,-0.2074074074074074,0.43846153846153846,0.6861111111111111,-0.5141129032258065
2020-01-20,0.7881944444444444,-1.2279411764705883,-2.0294117647058822,0.6940298507462687,0.6176470588235294,-0.881578947368421,-0.3546511627906977,-0.3125,-1.2540983606557377
2020-01-21,0.8871527777777778,-1.1231617647058822,-1.8897058823529411,0.6940298507462687,0.32142857142857145,-0.7744360902255639,-0.35384615384615387,-0.25,-1.1372950819672132
2020-01-22,0.7704081632653061,-1.2535971223021583,-2.0048076923076925,0.5992647058823529,0.1527777777777778,-0.9154411764705882,-0.4621212121212121,-0.38055555555555554,-1.2459677419354838
2020-01-23,0.5544217687074829,-1.9619565217391304,-2.9611650485436893,0.5992647058823529,0.8928571428571429,-1.637037037037037,-1.202290076335878,-1.4691011235955056,-2.040650406504065
2020-01-24,0.013333333333333334,-2.055357142857143,-2.9783653846153846,0.4492753623188406,0.6180555555555556,-1.7372262773722629,-1.3120300751879699,-1.6236263736263736,-2.144
2020-01-25,0.013333333333333334,-2.055357142857143,-2.9783653846153846,0.4492753623188406,0.6180555555555556,-1.7372262773722629,-1.3120300751879699,-1.6236263736263736,-2.144
2020-01-26,-0.23833333333333334,-2.050359712230216,-2.9805825242718447,0.4492753623188406,0.6180555555555556,-1.7297794117647058,-1.3011363636363635,-1.6111111111111112,-2.1391129032258065
2020-01-27,-1.1414473684210527,-2.705357142857143,-3.8533653846153846,0.5073529411764706,-1.5138888888888888,-2.4014598540145986,-1.9962406015037595,-2.292134831460674,-2.884
2020-01-28,-1.923202614379085,-3.425531914893617,-4.697115384615385,-0.45149253731343286,-1.9189189189189189,-3.1394927536231885,-2.7593283582089554,-2.292134831460674,-3.6884920634920637
2020-01-29,-2.1493506493506493,-3.982142857142857,-4.900485436893204,-0.8933823529411765,-2.789473684210526,-3.7062043795620436,-3.3402255639097747,-2.247159090909091,-4.178
2020-01-30,-1.8912337662337662,-3.3226950354609928,-5.523584905660377,-0.8933823529411765,-2.973684210526316,-3.0344202898550723,-2.6511194029850746,-2.398876404494382,-3.501968503937008
2020-01-31,-2.856918238993711,-3.3819444444444446,-5.27803738317757,-1.0471014492753623,-3.1923076923076925,-3.0953237410071943,-2.716666666666667,-2.5,-3.751937984496124
2020-02-01,-2.856918238993711,-3.3819444444444446,-5.27803738317757,-1.0471014492753623,-3.1923076923076925,-3.0953237410071943,-2.716666666666667,-2.5,-3.751937984496124
2020-02-02,-3.0923566878980893,-3.660211267605634,-5.2976190476190474,-1.0,-3.7628205128205128,-3.3795620437956204,-3.0037593984962405,-2.5795454545454546,-3.925196850393701
2020-02-03,-3.2596153846153846,-3.897887323943662,-5.619047619047619,0.46691176470588236,-4.2125,-3.625912408759124,-3.298507462686567,-2.7902298850574714,-4.190944881889764
2020-02-04,-3.6217532467532467,-4.396428571428571,-5.665048543689321,-0.23880597014925373,-5.6,-4.138888888888889,-3.8181818181818183,-3.4136904761904763,-4.754
2020-02-05,-2.8725806451612903,-3.5904255319148937,-6.097087378640777,2.253787878787879,-5.6,-3.6746323529411766,-3.345864661654135,-3.4518072289156625,-3.8492063492063493
2020-02-06,-3.496794871794872,-3.6535714285714285,-6.20873786407767,2.2,-5.4743589743589745,-3.740740740740741,-3.4109848484848486,-3.3902439024390243,-4.633858267716535
2020-02-07,-3.1082802547770703,-3.219858156028369,-5.596153846153846,2.0833333333333335,-5.4743589743589745,-3.2904411764705883,-2.9530075187969924,-2.6566265060240966,-4.8828125
2020-02-08,-3.1025641025641026,-3.2142857142857144,-5.611650485436893,2.0833333333333335,-5.5131578947368425,-3.285185185185185,-2.945075757575758,-2.6402439024390243,-4.889763779527559
2020-02-09,-3.3006535947712417,-3.4692028985507246,-6.007425742574258,1.69921875,-5.5131578947368425,-3.550751879699248,-3.2115384615384617,-2.5625,-4.876
2020-02-10,-3.357843137254902,-3.5575539568345325,-6.102941176470588,1.9126984126984128,-5.358108108108108,-3.5676691729323307,-3.2557692307692307,-2.9146341463414633,-4.962301587301587
2020-02-11,-3.7743506493506493,-3.904255319148936,-6.21078431372549,1.0576923076923077,-5.598684210526316,-3.9296296296296296,-3.6306818181818183,-2.917682926829268,-5.322265625
2020-02-12,-3.3088235294117645,-3.2823741007194243,-5.4775,2.5078125,-5.506756756756757,-3.280075187969925,-2.9615384615384617,-2.006172839506173,-4.797244094488189
2020-02-13,-3.193548387096774,-2.735611510791367,-5.5475,1.9076923076923078,-3.114864864864865,-2.7086466165413534,-2.3912213740458017,-2.01875,-5.122093023255814
2020-02-14,-3.1977848101265822,-2.75,-5.596153846153846,2.0454545454545454,-3.114864864864865,-2.724264705882353,-2.4141791044776117,-2.126543209876543,-5.083333333333333
2020-02-15,-3.1977848101265822,-2.75,-5.596153846153846,2.0454545454545454,-3.114864864864865,-2.724264705882353,-2.4141791044776117,-2.126543209876543,-5.083333333333333
2020-02-16,-3.0641025641025643,-2.7375,-5.634803921568627,2.2884615384615383,-3.0902777777777777,-2.7108208955223883,-2.3958333333333335,-2.212025316455696,-5.114341085271318
2020-02-17,-3.412974683544304,-3.0827464788732395,-6.002450980392157,1.7115384615384615,-3.0902777777777777,-3.0716911764705883,-2.667293233082707,-2.346875,-5.416666666666667
2020-02-18,-3.5838607594936707,-2.893617021276596,-4.7254901960784315,-0.7063492063492064,0.1875,-2.8740740740740742,-3.2442748091603053,-2.367283950617284,-4.318359375
2020-02-19,-3.6859375,-2.9392857142857145,-4.76,-0.9274193548387096,0.1875,-2.921641791044776,-3.296153846153846,-2.826219512195122,-4.594961240310077
2020-02-20,-3.7127329192546585,-2.180357142857143,-3.66,-1.0476190476190477,0.1875,-2.8966165413533833,-3.325,-2.8719512195121952,-3.8192307692307694
2020-02-21,-3.6150306748466257,-2.3191489361702127,-3.9331683168316833,-1.0476190476190477,0.1875,-3.037313432835821,-3.4656488549618323,-2.8719512195121952,-4.028625954198473
2020-02-22,-3.6150306748466257,-2.3191489361702127,-3.9331683168316833,-1.0476190476190477,0.1875,-3.037313432835821,-3.4656488549618323,-2.8719512195121952,-4.028625954198473
2020-02-23,-3.278125,-2.212230215827338,-3.8156565656565657,-0.8024193548387096,0.1875,-3.0357142857142856,-3.5653846153846156,-2.867283950617284,-3.939922480620155
2020-02-24,-2.9444444444444446,-0.9053571428571429,-2.6760204081632653,1.0122950819672132,0.5808823529411765,-1.664179104477612,-2.9442307692307694,-0.4695121951219512,-2.564885496183206
2020-02-25,-3.5884146341463414,-1.2216312056737588,-2.840909090909091,0.6147540983606558,0.5808823529411765,-1.8973880597014925,-3.1846153846153844,-0.7738095238095238,-3.210227272727273
2020-02-26,-3.0207100591715976,-0.40625,-1.86,0.2833333333333333,6.542857142857143,-1.0255474452554745,-2.257518796992481,0.3558823529411765,-2.470149253731343
2020-02-27,-2.432584269662921,0.2582236842105263,-1.0683962264150944,0.6065573770491803,4.337837837837838,-0.13986013986013987,-0.8120437956204379,0.16379310344827586,-1.643884892086331
2020-02-28,-1.2981283422459893,0.7515723270440252,0.09009009009009009,0.43548387096774194,3.960526315789474,1.6802721088435375,1.1046099290780143,-0.32303370786516855,-1.2077464788732395
2020-02-29,-1.3743243243243244,0.6091772151898734,-0.12045454545454545,0.43548387096774194,3.960526315789474,1.5325342465753424,0.9464285714285714,-0.32303370786516855,-1.2077464788732395
2020-03-01,-1.2030386740331491,0.8392857142857143,-0.0389908256880734,0.7166666666666667,4.351351351351352,1.8080985915492958,1.2169117647058822,-0.26420454545454547,-1.8821428571428571
2020-03-02,0.7827868852459017,1.6105769230769231,0.8136363636363636,3.152542372881356,1.9375,3.076388888888889,2.411870503597122,-0.7805555555555556,-0.9964788732394366
2020-03-03,-0.6182795698924731,-0.1509433962264151,0.12837837837837837,2.639830508474576,1.5928571428571427,1.38013698630137,0.6648936170212766,-1.7912087912087913,-2.2086206896551723
2020-03-04,-0.3418918918918919,0.17563291139240506,0.6,3.8706896551724137,2.1515151515151514,1.7465517241379311,1.0392857142857144,-1.0472222222222223,-2.056896551724138
2020-03-05,-1.0949197860962567,0.16459627329192547,0.8325892857142857,4.036885245901639,2.1515151515151514,2.062925170068027,1.3767605633802817,-1.585164835164835,-2.0236486486486487
2020-03-06,-2.5416666666666665,0.013719512195121951,0.23464912280701755,4.036885245901639,2.1515151515151514,1.86,1.1810344827586208,-2.2661290322580645,-2.1440397350993377
2020-03-07,-2.5222513089005236,0.05214723926380368,0.23464912280701755,4.208333333333333,2.4140625,1.9144295302013423,1.2326388888888888,-2.222826086956522,-2.1166666666666667
2020-03-08,-2.9646596858638743,-0.2932098765432099,-0.35964912280701755,4.478813559322034,2.4140625,2.119047619047619,1.4348591549295775,-2.222826086956522,-2.5067114093959733
2020-03-09,-3.8645833333333335,-1.3420245398773005,-1.6030701754385965,2.4458333333333333,2.4140625,0.9476351351351351,0.22727272727272727,-2.1895604395604398,-3.631666666666667
2020-03-10,-3.1692708333333335,-0.7668711656441718,-0.7807017543859649,3.600806451612903,4.7265625,1.5810810810810811,0.8828671328671329,-2.7083333333333335,-3.0678807947019866
2020-03-11,-3.447704081632653,0.7929447852760736,1.918859649122807,5.095833333333333,6.9375,1.9743150684931507,1.2801418439716312,-2.691011235955056,-1.3841059602649006
2020-03-12,-4.185929648241206,-0.038922155688622756,1.618421052631579,5.095833333333333,7.110294117647059,1.5620805369127517,0.8680555555555556,-4.03494623655914,-2.2241935483870967
2020-03-13,-4.185929648241206,-0.038922155688622756,1.618421052631579,5.095833333333333,7.110294117647059,1.5620805369127517,0.8680555555555556,-4.03494623655914,-2.2241935483870967
2020-03-14,-4.185929648241206,-0.038922155688622756,1.618421052631579,5.095833333333333,7.110294117647059,1.5620805369127517,0.8680555555555556,-4.03494623655914,-2.2241935483870967
2020-03-15,-4.251262626262626,-0.09186746987951808,1.5553097345132743,5.095833333333333,7.110294117647059,1.5135135135135136,0.8129370629370629,-4.173913043478261,-2.2954545454545454
2020-03-16,-4.5111940298507465,-1.1302395209580838,0.9048672566371682,5.021186440677966,7.110294117647059,0.3389261744966443,-0.3975694444444444,-4.817204301075269,-3.3173076923076925
2020-03-17,-3.8756218905472637,-1.0773809523809523,0.10491071428571429,3.2708333333333335,7.110294117647059,-0.2802013422818792,-1.0381944444444444,-4.891666666666667,-2.6464968152866244
2020-03-18,-4.268472906403941,0.18862275449101795,2.02027027027027,5.025,9.764285714285714,1.1537162162162162,0.4405594405594406,-4.916666666666667,-1.3012820512820513
2020-03-19,-3.2512254901960786,1.3973214285714286,3.8169642857142856,6.581967213114754,12.771428571428572,1.183673469387755,0.4665492957746479,-4.936046511627907,0.0015923566878980893
2020-03-20,-3.0729665071770333,1.4783236994219653,3.8333333333333335,5.028225806451613,12.771428571428572,1.895,1.217241379310345,-3.486111111111111,0.6894409937888198
2020-03-21,-3.0729665071770333,1.4783236994219653,3.8333333333333335,5.028225806451613,12.771428571428572,1.895,1.217241379310345,-3.486111111111111,0.6894409937888198
2020-03-22,-2.641826923076923,2.0261627906976742,4.665948275862069,6.535714285714286,12.771428571428572,2.530201342281879,1.8697916666666667,-2.3258426966292136,1.2734375
2020-03-23,0.4007009345794392,5.51685393258427,8.065677966101696,10.784090909090908,12.771428571428572,5.21523178807947,4.655821917808219,2.1467391304347827,4.977544910179641
2020-03-24,0.34375,5.4088397790055245,8.55625,9.319852941176471,12.771428571428572,5.290849673202614,4.741554054054054,2.0473684210526315,4.872058823529412
2020-03-25,0.4697309417040359,5.36968085106383,8.288,5.954225352112676,12.771428571428572,4.654088050314465,4.10551948051948,0.9020618556701031,4.296875
2020-03-26,-0.5390625,4.5438829787234045,7.691532258064516,5.725,12.771428571428572,4.162974683544304,3.5947712418300655,0.4719387755102041,3.7
2020-03-27,0.5837004405286343,4.776315789473684,7.691532258064516,6.305555555555555,12.771428571428572,4.765723270440252,4.220779220779221,0.4719387755102041,3.959039548022599
2020-03-28,0.5837004405286343,4.776315789473684,7.691532258064516,6.305555555555555,12.771428571428572,4.765723270440252,4.220779220779221,0.4719387755102041,3.959039548022599
2020-03-29,0.25442477876106195,4.830687830687831,7.798780487804878,6.305555555555555,13.308823529411764,4.830696202531645,4.284313725490196,0.5335051546391752,3.959039548022599
2020-03-30,-1.248913043478261,4.7565445026178015,7.887295081967213,6.074324324324325,13.308823529411764,5.400943396226415,4.876623376623376,0.48711340206185566,3.9336158192090394
2020-03-31,-1.3235930735930737,4.635416666666667,7.6727642276422765,6.074324324324325,13.308823529411764,5.2515625,4.725806451612903,0.29336734693877553,3.807584269662921
2020-04-01,-1.8181818181818181,4.010362694300518,7.977822580645161,4.5855263157894735,10.702702702702704,4.427469135802469,4.221153846153846,-0.29081632653061223,3.512784090909091
2020-04-02,-1.8365384615384615,2.934948979591837,7.238,3.201923076923077,9.574324324324325,3.5030487804878048,3.5573248407643314,-0.29081632653061223,2.6264044943820224
2020-04-03,-2.163135593220339,2.779187817258883,6.9603174603174605,3.201923076923077,9.574324324324325,3.3136363636363635,3.3591772151898733,-0.5681818181818182,2.456703910614525
2020-04-04,-2.163135593220339,2.779187817258883,6.9603174603174605,3.201923076923077,9.574324324324325,3.3136363636363635,3.3591772151898733,-0.5681818181818182,2.456703910614525
2020-04-05,-3.3934599156118144,2.5892857142857144,6.696,3.201923076923077,9.574324324324325,3.089939024390244,3.125796178343949,-0.49489795918367346,2.621468926553672
2020-04-06,-3.278969957081545,2.88860103626943,7.205284552845528,3.8322368421052633,9.574324324324325,3.4580745341614905,3.3,-0.4484536082474227,2.822857142857143
2020-04-07,-2.752127659574468,3.3176020408163267,6.875,3.1,9.574324324324325,3.371165644171779,3.211783439490446,-0.9242424242424242,3.7612994350282487
2020-04-08,-1.7521367521367521,2.6301020408163267,5.5436507936507935,2.527027027027027,9.574324324324325,2.544478527607362,2.3535031847133756,-1.155612244897959,3.9755747126436782
2020-04-09,-2.322340425531915,2.9275,6.186046511627907,1.41,8.912162162162161,2.5903614457831323,2.4046875,-1.6818181818181819,4.481638418079096
2020-04-10,-2.322340425531915,2.9275,6.186046511627907,1.41,8.912162162162161,2.5903614457831323,2.4046875,-1.6818181818181819,4.481638418079096
2020-04-11,-2.322340425531915,2.9275,6.186046511627907,1.41,8.912162162162161,2.5903614457831323,2.4046875,-1.6818181818181819,4.481638418079096
2020-04-12,-2.59656652360515,3.042929292929293,6.263671875,1.4797297297297298,8.912162162162161,2.725609756097561,2.5427215189873418,-1.6607142857142858,4.63
2020-04-13,-2.4054347826086957,3.355128205128205,6.561023622047244,1.28125,10.528571428571428,3.097826086956522,2.925806451612903,-1.903061224489796,5.533625730994152
2020-04-14,-3.027056277056277,2.8477157360406093,6.539370078740157,0.08333333333333333,8.993055555555555,2.751543209876543,2.5673076923076925,-2.2775,4.930635838150289
2020-04-15,-2.6014957264957266,3.2575,6.984732824427481,-0.711038961038961,8.993055555555555,3.25,3.088050314465409,-2.23989898989899,5.561428571428571
2020-04-16,-2.6832627118644066,3.5708955223880596,7.433712121212121,0.6428571428571429,8.993055555555555,3.881818181818182,3.743710691823899,-2.2193877551020407,5.432857142857143
2020-04-17,-1.8266806722689075,4.048267326732673,8.1296992481203,1.9166666666666667,8.993055555555555,4.460843373493976,4.3453125,-2.655940594059406,5.970170454545454
2020-04-18,-1.8266806722689075,4.048267326732673,8.1296992481203,1.9166666666666667,8.993055555555555,4.460843373493976,4.3453125,-2.655940594059406,5.970170454545454
2020-04-19,-1.4233193277310925,4.523514851485149,8.851503759398497,2.116883116883117,9.135714285714286,5.039156626506024,5.061320754716981,-2.7225,6.515625
2020-04-20,-0.6885416666666667,5.481527093596059,10.122222222222222,3.3044871794871793,9.691176470588236,5.635542168674699,5.811708860759493,-2.83,7.078125
2020-04-21,0.6989583333333333,5.796341463414634,9.753649635036496,4.231481481481482,10.159090909090908,6.254491017964072,6.3796875,-2.9065656565656566,7.349162011173185
2020-04-22,1.3651452282157677,6.765776699029126,10.523722627737227,6.539156626506024,10.159090909090908,6.626488095238095,6.767080745341615,-1.8409090909090908,8.45
2020-04-23,1.2572916666666667,6.486650485436893,9.942028985507246,5.690476190476191,9.18939393939394,6.522455089820359,6.659375,-1.7036082474226804,8.130555555555556
2020-04-24,1.4927685950413223,6.710336538461538,10.225,6.25,11.860294117647058,5.961764705882353,6.072085889570552,-0.6658163265306123,8.638121546961326
2020-04-25,1.6670124481327802,6.710336538461538,10.225,6.25,11.860294117647058,5.961764705882353,6.072085889570552,-0.6658163265306123,8.638121546961326
2020-04-26,2.1413502109704643,6.944174757281553,10.625,6.25,12.757575757575758,6.239583333333333,6.363354037267081,-0.6658163265306123,8.937150837988828
2020-04-27,2.548523206751055,7.33252427184466,11.005395683453237,6.85632183908046,13.671875,6.715773809523809,6.8602484472049685,-0.2475,9.384078212290502
2020-04-28,3.0928270042194095,8.11352657004831,11.91906474820144,8.51123595505618,16.05,6.992603550295858,7.148148148148148,-0.6495098039215687,10.045580110497237
2020-04-29,2.2742616033755274,7.430288461538462,12.143884892086332,8.180555555555555,17.0,6.163235294117647,6.282208588957055,-0.9271844660194175,9.36878453038674
2020-04-30,2.975531914893617,7.506009615384615,12.039285714285715,8.625,14.71774193548387,6.142441860465116,6.259090909090909,-0.8261904761904761,9.517857142857142
2020-05-01,2.168067226890756,7.171800947867299,11.825704225352112,8.369565217391305,13.46875,5.7628571428571425,5.861607142857143,-1.0566037735849056,9.104054054054053
2020-05-02,2.360169491525424,7.436602870813397,11.825704225352112,8.369565217391305,14.42741935483871,6.066473988439307,6.179216867469879,-0.9119047619047619,9.241847826086957
2020-05-03,2.6691810344827585,8.303398058252426,13.20503597122302,8.486263736263735,16.336206896551722,7.0926470588235295,7.251533742331288,0.3245192307692308,10.258287292817679
2020-05-04,3.6093073593073592,9.003658536585366,13.825,9.782967032967033,17.5625,7.93491124260355,8.131172839506172,1.4519230769230769,11.066666666666666
2020-05-05,2.5625,7.798543689320389,13.2677304964539,7.695054945054945,17.5625,6.974852071005917,7.12962962962963,1.1778846153846154,9.683701657458563
2020-05-06,2.4321120689655173,7.9036585365853655,13.460714285714285,8.008333333333333,17.5625,7.098214285714286,7.259316770186335,1.25,9.813888888888888
2020-05-07,2.8890086206896552,7.660539215686274,13.143884892086332,8.160112359550562,17.5625,6.796407185628743,6.9453125,0.6985294117647058,10.072625698324023
2020-05-08,2.4340425531914893,7.513349514563107,12.994642857142857,7.730769230769231,17.5625,6.627218934911243,6.7669753086419755,0.46634615384615385,9.878453038674033
2020-05-09,2.4340425531914893,7.513349514563107,12.994642857142857,7.730769230769231,17.5625,6.627218934911243,6.7669753086419755,0.46634615384615385,9.878453038674033
2020-05-10,2.6276824034334765,7.816502463054187,13.563868613138686,7.944444444444445,17.5625,6.859281437125748,7.0109375,0.8663366336633663,10.264044943820224
2020-05-11,2.7435064935064934,8.33578431372549,13.985611510791367,8.713068181818182,18.75,7.759036144578313,8.079113924050633,1.4759615384615385,10.84217877094972
2020-05-12,2.3469827586206895,8.180487804878048,13.52304964539007,7.224719101123595,18.75,7.57185628742515,7.880503144654088,0.9730392156862745,10.651388888888889
2020-05-13,1.8514957264957266,7.618292682926829,13.144366197183098,7.534090909090909,15.89423076923077,6.881736526946108,7.15566037735849,0.5728155339805825,10.839887640449438
2020-05-14,1.0021186440677967,7.176829268292683,12.71631205673759,7.25,14.564814814814815,6.339820359281437,6.586477987421383,0.06904761904761905,10.502824858757062
2020-05-15,0.6510416666666666,7.467391304347826,12.71631205673759,7.25,14.564814814814815,6.897321428571429,7.1703125,0.06904761904761905,10.502824858757062
2020-05-16,0.6510416666666666,7.467391304347826,12.71631205673759,7.25,14.564814814814815,6.897321428571429,7.1703125,0.06904761904761905,10.502824858757062
2020-05-17,0.8270042194092827,7.738970588235294,12.92142857142857,7.517241379310345,14.564814814814815,7.222727272727273,7.368670886075949,0.2354368932038835,10.873563218390805
2020-05-18,-0.39644351464435146,6.691105769230769,11.34965034965035,6.9,11.278846153846153,6.15625,6.83179012345679,-0.3107476635514019,9.799435028248588
2020-05-19,0.3260416666666667,7.498803827751196,12.62326388888889,8.615591397849462,11.278846153846153,7.158284023668639,7.866564417177914,-0.0889423076923077,10.730337078651685
2020-05-20,-0.1115702479338843,6.841232227488152,11.760416666666666,8.307894736842105,10.24074074074074,7.464705882352941,8.432515337423313,0.7980769230769231,9.864525139664805
2020-05-21,-0.03469387755102041,7.105140186915888,11.87673611111111,8.767857142857142,13.446428571428571,7.911337209302325,8.886363636363637,0.3574766355140187,10.177197802197803
2020-05-22,-0.4109311740890688,7.325581395348837,12.170689655172414,9.22979797979798,13.446428571428571,8.18063583815029,9.161144578313253,0.3574766355140187,10.668032786885245
2020-05-23,-0.4109311740890688,7.325581395348837,12.170689655172414,9.22979797979798,13.446428571428571,8.18063583815029,9.161144578313253,0.3574766355140187,10.668032786885245
2020-05-24,-0.565843621399177,6.630896226415095,11.422413793103448,8.133838383838384,12.689655172413794,7.329411764705882,8.850609756097562,-1.4523809523809523,9.905555555555555
2020-05-25,-0.32676348547717843,6.627962085308057,11.293103448275861,8.329081632653061,11.283333333333333,7.326023391812866,8.837878787878788,-1.2119047619047618,10.256944444444445
2020-05-26,-0.9177215189873418,5.863636363636363,10.802447552447552,7.795,4.946428571428571,6.400887573964497,7.897239263803681,-2.3285714285714287,9.526388888888889
2020-05-27,-1.1088362068965518,5.685365853658537,9.829787234042554,6.6495098039215685,7.961538461538462,6.234939759036145,7.234567901234568,-2.4038461538461537,8.783898305084746
2020-05-28,-1.7632743362831858,5.17875,9.074817518248175,6.814356435643564,8.68,4.5920245398773005,5.569182389937107,-2.1990291262135924,8.228693181818182
2020-05-29,-1.683695652173913,5.485148514851486,9.464028776978417,6.4754901960784315,8.68,4.974242424242425,5.212732919254658,-2.355769230769231,8.542134831460674
2020-05-30,-1.683695652173913,5.485148514851486,9.464028776978417,6.4754901960784315,8.68,4.974242424242425,5.212732919254658,-2.355769230769231,8.542134831460674
2020-05-31,-2.8995535714285716,5.308375634517766,9.492592592592592,5.5495049504950495,9.364583333333334,4.14751552795031,4.3710191082802545,-2.9504950495049505,8.429190751445086
2020-06-01,-1.1443181818181818,6.543589743589743,9.716666666666667,5.201456310679611,9.364583333333334,5.4015625,5.658653846153846,-2.650990099009901,9.23546511627907
2020-06-02,-1.5192307692307692,6.081632653061225,9.17962962962963,4.180288461538462,9.364583333333334,4.846273291925466,5.087579617834395,-3.6151960784313726,8.920058139534884
2020-06-03,-0.8,6.244845360824742,8.433823529411764,3.4639423076923075,9.364583333333334,4.678125,4.916666666666667,-3.2747524752475248,8.982456140350877
2020-06-04,0.0375,5.774234693877551,8.487226277372264,2.803738317757009,9.364583333333334,4.295031055900621,4.522292993630574,-2.7575,8.57267441860465
2020-06-05,-0.1085972850678733,5.774234693877551,8.487226277372264,2.803738317757009,9.364583333333334,4.295031055900621,4.522292993630574,-2.7575,8.57267441860465
2020-06-06,0.4006849315068493,6.225641025641026,9.154411764705882,2.803738317757009,9.364583333333334,4.295031055900621,4.522292993630574,-2.7575,9.103801169590643
2020-06-07,1.0810185185185186,7.05859375,9.835185185185185,3.414285714285714,9.364583333333334,5.2705696202531644,5.527597402597403,-2.7575,10.107142857142858
2020-06-08,0.17087155963302753,6.240979381443299,9.077777777777778,2.283333333333333,5.423913043478261,4.3015625,4.530448717948718,-2.757425742574257,9.301775147928995
2020-06-09,0.7383177570093458,4.700520833333333,6.896616541353383,1.34375,1.125,3.625,3.8365384615384617,-2.8112745098039214,7.567365269461078
2020-06-10,1.0188679245283019,5.089473684210526,6.662962962962963,0.8490566037735849,5.0,3.54874213836478,3.759677419354839,-1.702020202020202,8.309451219512194
2020-06-11,-0.097926267281106,4.295103092783505,6.360294117647059,0.12962962962962962,3.715909090909091,2.6411042944785277,2.9889240506329116,-1.702020202020202,7.315476190476191
2020-06-12,-0.9075342465753424,3.8756410256410256,6.182481751824818,0.12962962962962962,3.715909090909091,2.152439024390244,2.4827044025157234,-1.865,7.165680473372781
2020-06-13,-0.9075342465753424,3.8756410256410256,6.182481751824818,0.12962962962962962,3.715909090909091,2.152439024390244,2.4827044025157234,-1.865,7.165680473372781
2020-06-14,-1.1382488479262673,4.141025641025641,5.788043478260869,-0.7889908256880734,3.715909090909091,2.4679878048780486,2.808176100628931,-1.3475,8.111607142857142
2020-06-15,-0.8165887850467289,3.755181347150259,6.560218978102189,-0.12614678899082568,3.715909090909091,2.588957055214724,2.935126582278481,-1.3475,7.275602409638554
2020-06-16,-0.5533175355450237,2.2332474226804124,4.5398550724637685,-1.0532407407407407,1.59375,0.7957317073170732,1.2120253164556962,-2.0097087378640777,5.486526946107785
2020-06-17,-1.375,1.3775773195876289,3.3369565217391304,-2.2268518518518516,-2.6847826086956523,1.396969696969697,1.8333333333333333,-2.2475961538461537,3.9790419161676644
2020-06-18,-1.541866028708134,1.2382198952879582,3.183333333333333,-1.4724770642201834,-2.6847826086956523,0.6737804878048781,1.0854430379746836,-3.631188118811881,3.5167682926829267
2020-06-19,-1.0849056603773586,1.6945876288659794,3.0802919708029197,-1.4681818181818183,0.83,1.2274096385542168,1.6546875,-2.6553398058252426,4.005988023952096
2020-06-20,-1.5639810426540284,1.1852331606217616,2.3676470588235294,-2.3990825688073394,0.83,0.6287878787878788,1.0361635220125787,-3.661764705882353,3.427710843373494
2020-06-21,-4.694581280788177,-2.131081081081081,-0.5909090909090909,-5.297169811320755,0.83,-1.8400621118012421,-1.517741935483871,-7.892857142857143,-0.34177215189873417
2020-06-22,-5.485074626865671,-2.4740437158469946,-0.40458015267175573,-3.6523809523809523,-1.5092592592592593,-2.3734375,-2.0698051948051948,-8.196808510638299,-0.33116883116883117
2020-06-23,-4.648717948717949,-2.7583798882681565,-0.712890625,-1.4951456310679612,-1.5092592592592593,-2.0429936305732483,-1.7201986754966887,-7.367021276595745,0.0695364238410596
2020-06-24,-2.271573604060914,-2.0714285714285716,-0.35984848484848486,-0.7641509433962265,-2.1785714285714284,-1.5890625,-1.0980392156862746,-6.190104166666667,0.8262987012987013
2020-06-25,-2.8743589743589744,-2.406756756756757,-0.4562043795620438,-1.5142857142857142,-2.1785714285714284,-2.1088957055214723,-1.6506410256410255,-5.625,0.4868421052631579
2020-06-26,-1.5714285714285714,-2.7058823529411766,-0.5362318840579711,-1.9646226415094339,-2.1785714285714284,-2.4515151515151516,-2.0142405063291138,-5.683168316831683,0.08603896103896104
2020-06-27,-1.0666666666666667,-2.7058823529411766,-0.5362318840579711,-1.9646226415094339,-2.1785714285714284,-2.4515151515151516,-2.0142405063291138,-5.683168316831683,0.08603896103896104
2020-06-28,1.2552356020942408,-2.154054054054054,-0.5362318840579711,-1.9490291262135921,1.3448275862068966,-2.4207317073170733,-1.9792993630573248,-5.665,0.7840909090909091
2020-06-29,1.3884615384615384,-1.9444444444444444,-1.0141843971631206,-2.4452380952380954,4.633333333333334,-2.7904191616766467,-2.3734375,-5.916666666666667,0.9604430379746836
2020-06-30,1.6139896373056994,-1.320855614973262,-1.539568345323741,-1.4271844660194175,7.2407407407407405,-2.0939393939393938,-1.9386792452830188,-5.49009900990099,1.3569182389937107
2020-07-01,0.8285340314136126,-0.5353260869565217,-0.9148550724637681,-1.220873786407767,9.673076923076923,-1.1512345679012346,-1.2229299363057324,-5.544117647058823,2.453525641025641
2020-07-02,0.8138020833333334,-0.8252688172043011,-1.2946428571428572,-1.220873786407767,6.625,-1.4725609756097562,-1.5534591194968554,-5.436274509803922,2.214968152866242
2020-07-03,0.8138020833333334,-0.8252688172043011,-1.2946428571428572,-1.220873786407767,6.625,-1.4725609756097562,-1.5534591194968554,-5.490291262135922,2.1313291139240507
2020-07-04,1.686842105263158,-0.48243243243243245,-0.841726618705036,-1.220873786407767,6.625,-1.0874233128834356,-1.1566455696202531,-5.490291262135922,2.1313291139240507
2020-07-05,2.074074074074074,-0.09646739130434782,-0.6910714285714286,-1.0144230769230769,6.625,-0.6527777777777778,-0.7085987261146497,-5.41421568627451,2.2104430379746836
2020-07-06,1.3,-0.9402777777777778,-0.3822463768115942,-1.0144230769230769,6.625,-0.9889937106918238,-1.0568181818181819,-4.992424242424242,1.2840909090909092
2020-07-07,0.4472972972972973,0.24860335195530725,1.1751824817518248,0.11428571428571428,6.625,0.6592356687898089,0.6447368421052632,-4.6811224489795915,0.8012820512820513
2020-07-08,0.7008196721311475,-0.3821022727272727,0.3917910447761194,0.6699029126213593,8.037037037037036,0.3,0.2733333333333333,-4.252577319587629,0.10784313725490197
2020-07-09,0.3918918918918919,-0.5786516853932584,0.2833333333333333,0.5264423076923077,7.241071428571429,0.06847133757961783,0.03453947368421053,-4.527777777777778,-0.12419354838709677
2020-07-10,0.07845744680851063,-0.888121546961326,-0.14130434782608695,0.3952380952380952,7.241071428571429,-0.29375,-0.3387096774193548,-4.648514851485149,-0.4873417721518987
2020-07-11,0.5187165775401069,-0.888121546961326,-0.14130434782608695,0.3952380952380952,7.241071428571429,-0.29375,-0.3387096774193548,-4.648514851485149,-0.4873417721518987
2020-07-12,0.4391891891891892,-0.9860335195530726,-0.25919117647058826,0.8581730769230769,7.241071428571429,-0.3971518987341772,-0.44607843137254904,-4.363636363636363,-1.127388535031847
2020-07-13,0.5307486631016043,-0.6871508379888268,-0.3448905109489051,1.0745192307692308,8.508928571428571,-0.3113207547169811,-0.35714285714285715,-4.166666666666667,-0.7866242038216561
2020-07-14,-0.7366310160427807,-1.3743016759776536,-1.548148148148148,1.3325242718446602,8.508928571428571,-0.7041139240506329,-0.7630718954248366,-4.400990099009901,-1.7484177215189873
2020-07-15,-0.49594594594594593,-1.7013888888888888,-1.0845588235294117,0.36519607843137253,8.508928571428571,-1.309375,-1.3870967741935485,-4.257211538461538,-1.421383647798742
2020-07-16,-0.9556451612903226,-1.614010989010989,-0.9782608695652174,-0.6212871287128713,8.508928571428571,-1.4487577639751552,-1.3870967741935485,-2.6875,-1.326086956521739
2020-07-17,-1.0949197860962567,-1.7527322404371584,-1.1654676258992807,-0.7720588235294118,7.2844827586206895,-1.6064814814814814,-1.5512820512820513,-2.8142857142857145,-1.4845679012345678
2020-07-18,-1.6384408602150538,-2.3118131868131866,-1.8985507246376812,-0.7720588235294118,7.2844827586206895,-2.237577639751553,-2.206451612903226,-2.8142857142857145,-2.1149068322981366
2020-07-19,-2.640710382513661,-3.470833333333333,-3.426470588235294,-1.8094059405940595,7.2844827586206895,-2.9015625,-2.896103896103896,-2.8523809523809525,-2.778125
2020-07-20,-5.6530054644808745,-4.254213483146067,-3.6925925925925926,-2.9242424242424243,7.2844827586206895,-3.9638364779874213,-3.6907894736842106,-2.9245283018867925,-3.651898734177215
2020-07-21,-6.968232044198895,-5.480225988700565,-3.6925925925925926,-5.046391752577319,6.616666666666666,-4.469936708860759,-4.218543046357616,-3.9882075471698113,-5.030254777070064
2020-07-22,-5.501358695652174,-3.998611111111111,-1.798913043478261,-4.083333333333333,8.258620689655173,-3.6614906832298137,-3.3782467532467533,-4.109813084112149,-3.371875
2020-07-23,-5.741891891891892,-4.113259668508287,-1.9640287769784173,-3.8463541666666665,3.1724137931034484,-2.8828125,-2.5620915032679736,-4.236111111111111,-4.377329192546584
2020-07-24,-5.347883597883598,-3.554054054054054,-1.3006993006993006,-3.9097938144329896,3.1724137931034484,-2.0920245398773005,-1.7419871794871795,-3.975,-3.743939393939394
2020-07-25,-5.347883597883598,-3.554054054054054,-1.3006993006993006,-3.9097938144329896,3.1724137931034484,-2.0920245398773005,-1.7419871794871795,-3.975,-3.743939393939394
2020-07-26,-5.753989361702128,-3.9592391304347827,-1.8098591549295775,-4.565104166666667,3.1724137931034484,-2.369565217391304,-2.0275974025974026,-4.662844036697248,-4.199695121951219
2020-07-27,-6.838709677419355,-5.032967032967033,-2.4680851063829787,-6.656914893617022,3.1724137931034484,-2.852201257861635,-2.5279605263157894,-4.36214953271028,-5.408950617283951
2020-07-28,-6.886363636363637,-4.399725274725275,-1.650709219858156,-6.723684210526316,3.1724137931034484,-2.1273584905660377,-1.769736842105263,-4.259433962264151,-5.3078125
2020-07-29,-7.11578947368421,-4.675675675675675,-2.193103448275862,-7.046391752577319,5.394230769230769,-2.341614906832298,-1.9003267973856208,-4.787383177570093,-5.383540372670807
2020-07-30,-7.052083333333333,-4.850806451612903,-2.5804794520547945,-7.702020202020202,6.62,-2.25625,-1.8075657894736843,-4.805555555555555,-5.450310559006211
2020-07-31,-5.844387755102041,-4.675925925925926,-2.772108843537415,-7.702020202020202,10.211538461538462,-2.1012269938650308,-1.3344155844155845,-3.8440366972477062,-5.450310559006211
2020-08-01,-5.844387755102041,-5.232712765957447,-3.4760273972602738,-8.801020408163266,10.211538461538462,-2.7314814814814814,-1.9967320261437909,-4.805555555555555,-6.109375
2020-08-02,-6.793589743589743,-5.795454545454546,-4.189655172413793,-9.922680412371134,10.211538461538462,-3.369565217391304,-2.6677631578947367,-5.785046728971962,-6.776729559748428
2020-08-03,-6.291237113402062,-5.266129032258065,-4.025862068965517,-9.631578947368421,10.211538461538462,-2.888198757763975,-2.0641447368421053,-5.696261682242991,-6.159810126582278
2020-08-04,-5.563144329896907,-4.717914438502674,-3.9965753424657535,-9.68298969072165,9.212962962962964,-3.114329268292683,-2.3193548387096774,-5.814220183486238,-5.509433962264151
2020-08-05,-6.156410256410257,-4.632894736842105,-3.902684563758389,-9.40561224489796,8.580357142857142,-3.0464071856287425,-2.330188679245283,-5.537610619469026,-5.395061728395062
2020-08-06,-5.912820512820513,-4.780104712041885,-4.1158940397351,-9.45103092783505,7.862068965517241,-3.1362275449101795,-2.3946540880503147,-5.5597345132743365,-5.5628834355828225
2020-08-07,-5.860552763819095,-5.022020725388601,-4.4297385620915035,-9.828282828282829,6.333333333333333,-3.4319526627218937,-2.7142857142857144,-5.5597345132743365,-5.836363636363636
2020-08-08,-5.860552763819095,-5.022020725388601,-4.4297385620915035,-9.828282828282829,6.333333333333333,-3.4319526627218937,-2.7142857142857144,-5.5597345132743365,-5.836363636363636
2020-08-09,-5.657360406091371,-5.371010638297872,-4.934563758389261,-9.828282828282829,6.333333333333333,-3.911144578313253,-3.261006289308176,-6.305045871559633,-6.271875
2020-08-10,-5.019230769230769,-5.05241935483871,-5.241438356164384,-9.378865979381443,5.709677419354839,-3.5320121951219514,-2.856687898089172,-6.365909090909091,-5.908227848101266
2020-08-11,-4.419689119170984,-4.354838709677419,-4.993055555555555,-9.335051546391753,6.466666666666667,-3.371165644171779,-2.684294871794872,-6.151376146788991,-5.087025316455696
2020-08-12,-4.055699481865285,-3.935483870967742,-4.447183098591549,-9.25,6.691666666666666,-2.892638036809816,-2.184294871794872,-5.786697247706422,-4.690251572327044
2020-08-13,-3.6230366492146597,-3.954301075268817,-4.618881118881119,-8.355,5.725806451612903,-3.051829268292683,-2.355095541401274,-5.836363636363636,-4.190993788819876
2020-08-14,-3.3255208333333335,-3.3983957219251337,-3.892361111111111,-7.282178217821782,5.725806451612903,-2.4272727272727272,-1.7072784810126582,-5.836363636363636,-3.5478395061728394
2020-08-15,-3.3255208333333335,-3.3983957219251337,-3.892361111111111,-7.282178217821782,5.725806451612903,-2.4272727272727272,-1.7072784810126582,-5.836363636363636,-3.5478395061728394
2020-08-16,-2.322192513368984,-3.0082872928176796,-3.384892086330935,-7.168367346938775,5.725806451612903,-2.11875,-1.3611111111111112,-5.5285714285714285,-3.2691082802547773
2020-08-17,-3.462162162162162,-4.175977653631285,-4.970802919708029,-9.631443298969073,5.725806451612903,-3.144230769230769,-2.414429530201342,-5.5285714285714285,-4.344771241830065
2020-08-18,-3.152173913043478,-4.243016759776537,-4.965827338129497,-9.720744680851064,5.830645161290323,-3.7056962025316458,-3.2088815789473686,-6.44811320754717,-4.233660130718954
2020-08-19,-3.5497237569060776,-4.803672316384181,-5.014388489208633,-10.951086956521738,1.4140625,-4.401273885350318,-3.9288079470198674,-6.2548076923076925,-4.8907284768211925
2020-08-20,-3.1947513812154695,-5.24438202247191,-4.726785714285715,-10.486559139784946,0.8106060606060606,-4.900316455696203,-4.4506578947368425,-6.408018867924528,-5.7055921052631575
2020-08-21,-3.110655737704918,-5.136111111111111,-4.596830985915493,-10.574468085106384,0.8106060606060606,-4.7828125,-4.334415584415584,-6.441588785046729,-5.5730519480519485
2020-08-22,-3.081043956043956,-5.11731843575419,-4.569148936170213,-10.596774193548388,1.1015625,-4.759433962264151,-4.30718954248366,-6.422169811320755,-5.553921568627451
2020-08-23,-2.7319444444444443,-4.785310734463277,-4.309352517985611,-10.391304347826088,2.088709677419355,-4.589743589743589,-4.121666666666667,-6.533653846153846,-5.3933333333333335
2020-08-24,-1.635989010989011,-3.64804469273743,-3.5642857142857145,-10.213888888888889,1.21875,-3.878205128205128,-3.381666666666667,-6.421568627450981,-4.046052631578948
2020-08-25,-1.520718232044199,-3.542134831460674,-2.537769784172662,-8.661931818181818,1.21875,-3.803225806451613,-3.3003355704697985,-6.303921568627451,-3.0695364238410594
2020-08-26,-0.7941988950276243,-3.3735955056179776,-2.420863309352518,-8.682584269662922,1.0833333333333333,-3.7788461538461537,-3.2783333333333333,-6.242718446601942,-2.870860927152318
2020-08-27,-0.8853591160220995,-4.0195530726256985,-3.2535714285714286,-8.644444444444444,1.0833333333333333,-4.512738853503185,-3.085570469798658,-6.392857142857143,-3.6348684210526314
2020-08-28,-0.8021978021978022,-3.9180555555555556,-2.9414893617021276,-8.101648351648352,1.0833333333333333,-4.393987341772152,-2.97,-6.392857142857143,-3.5179738562091503
2020-08-29,-0.8021978021978022,-3.9180555555555556,-2.9414893617021276,-8.101648351648352,1.0833333333333333,-4.393987341772152,-2.97,-6.392857142857143,-3.5179738562091503
2020-08-30,-1.7252747252747254,-3.86938202247191,-2.5815217391304346,-7.713068181818182,1.0833333333333333,-4.101612903225806,-2.63265306122449,-6.007352941176471,-3.1983333333333333
2020-08-31,-1.8579234972677596,-3.9930167597765363,-2.8125,-7.747126436781609,1.0833333333333333,-4.24198717948718,-2.7905405405405403,-6.017156862745098,-3.205
2020-09-01,-2.0355191256830603,-4.174581005586592,-2.4855072463768115,-7.382352941176471,0.6544117647058824,-4.450320512820513,-3.010135135135135,-5.980582524271845,-3.325503355704698
2020-09-02,-1.8052486187845305,-3.783707865168539,-1.45863309352518,-7.188235294117647,-0.581081081081081,-4.123397435897436,-2.6655405405405403,-6.173809523809524,-2.8783783783783785
2020-09-03,-1.4799465240641712,-4.186486486486486,-1.7907801418439717,-7.386111111111111,-2.4276315789473686,-3.9767080745341614,-2.3717105263157894,-6.392523364485982,-3.300324675324675
2020-09-04,1.3244949494949494,-3.410621761658031,-1.2396551724137932,-5.612903225806452,-4.076923076923077,-4.021084337349397,-2.4697452229299364,-6.439814814814815,-2.0
2020-09-05,1.3244949494949494,-3.410621761658031,-1.2396551724137932,-5.612903225806452,-4.076923076923077,-4.021084337349397,-2.4697452229299364,-6.439814814814815,-2.0
2020-09-06,1.2423076923076923,-3.6328947368421054,-1.7638888888888888,-5.271978021978022,-4.076923076923077,-4.291411042944786,-2.7256493506493507,-6.313679245283019,-1.7246835443037976
2020-09-07,0.6096938775510204,-3.5625,-1.506896551724138,-4.394021739130435,-5.125,-4.201515151515151,-2.6506410256410255,-6.138888888888889,-1.6640625
2020-09-08,1.0140306122448979,-3.06640625,-1.2517482517482517,-2.953804347826087,-7.82051282051282,-3.5411585365853657,-1.9419354838709677,-6.149532710280374,-0.8875
2020-09-09,0.8166666666666667,-2.7986842105263157,-1.5364583333333333,-2.5494505494505493,-8.153846153846153,-3.2330246913580245,-1.7353896103896105,-6.740825688073395,-0.5379746835443038
2020-09-10,2.3881909547738696,-2.1236979166666665,-0.8051724137931034,-1.434782608695652,-8.153846153846153,-2.4375,-0.9182692307692307,-6.6995412844036695,-0.7578616352201258
2020-09-11,3.0073529411764706,-1.368020304568528,-0.3197278911564626,0.06443298969072164,-8.153846153846153,-2.1517857142857144,-1.2893081761006289,-6.123893805309734,0.10823170731707317
2020-09-12,3.592821782178218,-0.8064102564102564,0.45,1.1067708333333333,-8.153846153846153,-1.5015060240963856,-0.5907643312101911,-6.069196428571429,0.18404907975460122
2020-09-13,2.7675,-0.3860103626943005,0.45,1.4105263157894736,-8.153846153846153,-1.0152439024390243,-0.06451612903225806,-6.069196428571429,0.5246913580246914
2020-09-14,2.9502487562189055,0.3069948186528497,1.2396551724137932,1.0651041666666667,-10.402777777777779,-0.1448170731707317,0.9,-5.993243243243243,1.5559006211180124
2020-09-15,3.4889162561576357,0.8456632653061225,1.4537671232876712,2.3854166666666665,-10.402777777777779,-0.34487951807228917,0.6751592356687898,-6.0,2.102760736196319
2020-09-16,4.339460784313726,1.0621827411167513,1.0667808219178083,2.5398936170212765,-7.418918918918919,0.1144578313253012,1.160828025477707,-5.853603603603603,2.1424242424242426
2020-09-17,4.199029126213592,-0.05555555555555555,0.5697278911564626,1.8710526315789473,-10.409722222222221,-1.2038690476190477,-0.24528301886792453,-7.162162162162162,0.802710843373494
2020-09-18,4.123205741626794,-0.48,-0.008389261744966443,1.0515463917525774,-10.409722222222221,-1.6897058823529412,-0.7701863354037267,-7.296875,0.802710843373494
2020-09-19,4.123205741626794,-0.48,-0.008389261744966443,1.0515463917525774,-10.409722222222221,-1.6897058823529412,-0.7701863354037267,-7.296875,0.802710843373494
2020-09-20,4.89975845410628,-0.17424242424242425,-0.6841216216216216,0.020833333333333332,-9.213235294117647,-1.34375,-0.39308176100628933,-7.296875,0.802710843373494
2020-09-21,2.669392523364486,-0.6274752475247525,-1.8092105263157894,-1.2135416666666667,-9.39864864864865,-2.1,-1.203416149068323,-6.688053097345133,0.6617647058823529
2020-09-22,2.314252336448598,-0.7413366336633663,-1.9605263157894737,-1.9543010752688172,-9.097222222222221,-2.15,-1.404320987654321,-7.929203539823009,0.5264705882352941
2020-09-23,0.8029953917050692,-0.7349246231155779,-2.010135135135135,-1.7925531914893618,-9.097222222222221,-2.306547619047619,-1.559375,-8.565909090909091,0.45348837209302323
2020-09-24,0.1187214611872146,-0.9108040201005025,-2.126689189189189,-2.263157894736842,-9.097222222222221,-2.5148809523809526,-1.778125,-8.722727272727273,0.25
2020-09-25,0.04035874439461883,-0.9766009852216748,-2.182565789473684,-2.3434343434343434,-9.097222222222221,-2.2076023391812867,-1.469325153374233,-8.979910714285714,0.14772727272727273
2020-09-26,-0.4099099099099099,-1.4764851485148516,-2.182565789473684,-2.3434343434343434,-12.214285714285714,-2.8088235294117645,-2.095679012345679,-8.979910714285714,-0.4228571428571429
2020-09-27,-0.4769585253456221,-1.5774111675126903,-1.650337837837838,-1.8144329896907216,-15.514705882352942,-2.3493975903614457,-1.5949367088607596,-8.71788990825688,-0.5088235294117647
2020-09-28,-0.06712962962962964,-1.6051282051282052,-1.5357142857142858,-2.0703125,-15.514705882352942,-2.3917682926829267,-1.6298076923076923,-8.763761467889909,-0.5282738095238095
2020-09-29,0.5254629629629629,-1.1466836734693877,-1.2668918918918919,-1.45,-15.514705882352942,-2.1075757575757574,-1.335987261146497,-8.502272727272727,-0.3941176470588235
2020-09-30,1.5353881278538812,-0.38903061224489793,-0.032534246575342464,-0.3932291666666667,-14.421875,-1.2075757575757575,-0.39012738853503187,-8.583333333333334,0.35964912280701755
2020-10-01,1.3459821428571428,-0.38375,-0.375,-0.3825,-14.421875,-1.0029761904761905,0.12106918238993711,-8.65990990990991,0.15517241379310345
2020-10-02,1.0043668122270741,-0.36151960784313725,-0.056291390728476824,0.3112745098039216,-14.421875,-0.9622093023255814,0.13650306748466257,-8.787946428571429,0.4180790960451977
2020-10-03,0.9199561403508771,-0.4630541871921182,-0.19166666666666668,0.11386138613861387,-14.421875,-1.0862573099415205,0.012345679012345678,-8.787946428571429,0.6442857142857142
2020-10-04,0.6899563318777293,-0.7144607843137255,-0.19166666666666668,-0.3946078431372549,-14.421875,-1.380813953488372,-0.3052147239263804,-8.787946428571429,0.6442857142857142
2020-10-05,0.0665938864628821,-1.4142156862745099,-0.9083333333333333,-1.1955445544554455,-14.421875,-2.4696531791907512,-1.4603658536585367,-8.95353982300885,0.7485714285714286
2020-10-06,-0.5590128755364807,-1.7148058252427185,-1.2039473684210527,-2.0194174757281553,-14.421875,-2.8114285714285714,-1.8328313253012047,-9.019736842105264,0.054775280898876406
2020-10-07,-0.4364224137931034,-1.6792682926829268,-1.1175496688741722,-1.8995098039215685,-14.42741935483871,-2.7758620689655173,-1.7893939393939393,-8.861607142857142,0.1059322033898305
2020-10-08,0.02282608695652174,-1.1711822660098523,-0.8473154362416108,-1.2916666666666667,-12.453125,-2.188953488372093,-1.1579754601226995,-8.31081081081081,0.7157142857142857
2020-10-09,-0.4051724137931034,-1.553921568627451,-0.9716666666666667,-1.2916666666666667,-12.453125,-2.2890173410404624,-1.2698170731707317,-8.31081081081081,0.6008522727272727
2020-10-10,-0.4051724137931034,-1.553921568627451,-0.9716666666666667,-1.2916666666666667,-12.453125,-2.2890173410404624,-1.2698170731707317,-8.31081081081081,0.6008522727272727
2020-10-11,0.32158590308370044,-1.22125,-0.8976510067114094,-0.8725,-12.556451612903226,-1.9127218934911243,-0.846875,-8.263761467889909,1.0377906976744187
2020-10-12,1.291111111111111,-0.7108585858585859,-0.6182432432432432,-0.8675,-12.556451612903226,-1.6726190476190477,-0.5864779874213837,-8.119158878504672,1.6588235294117648
2020-10-13,1.1850220264317182,-0.7788944723618091,-1.5268456375838926,0.1311881188118812,-12.556451612903226,-1.7470414201183433,-0.671875,-8.454761904761904,1.430232558139535
2020-10-14,1.0254424778761062,-0.9709595959595959,-1.7888513513513513,0.8592233009708737,-9.515151515151516,-1.7529585798816567,-0.8214285714285714,-9.951456310679612,1.3735294117647059
2020-10-15,1.4989270386266094,-0.3646341463414634,-0.575,1.9485981308411215,-6.454545454545454,-1.015625,-0.2634730538922156,-10.0,2.2698863636363638
2020-10-16,1.9653361344537814,0.20833333333333334,0.20806451612903226,3.171875,-3.0785714285714287,-0.7333333333333333,0.1952662721893491,-9.236363636363636,2.5335195530726256
2020-10-17,2.0537974683544302,0.30023923444976075,0.3327922077922078,3.3716216216216215,-3.0785714285714287,-0.6312849162011173,0.30952380952380953,-9.146788990825687,2.654494382022472
2020-10-18,3.21137339055794,0.6856796116504854,0.859271523178808,3.6857798165137616,-3.0785714285714287,-0.19602272727272727,0.4789156626506024,-9.060747663551401,3.1485714285714286
2020-10-19,3.0263713080168775,0.525,-0.2845394736842105,4.281531531531532,-2.7941176470588234,0.4446022727272727,1.158132530120482,-9.025943396226415,2.905027932960894
2020-10-20,2.4590336134453783,0.22976190476190475,-1.359271523178808,4.117256637168142,-0.6319444444444444,0.8181818181818182,1.715151515151515,-7.922169811320755,2.7612359550561796
2020-10-21,2.5762711864406778,-0.3761792452830189,-2.1781045751633985,2.973684210526316,-0.5328947368421053,-0.009776536312849162,0.8169642857142857,-8.742990654205608,2.851123595505618
2020-10-22,2.9540598290598292,-0.32582938388625593,-2.2334437086092715,3.93859649122807,-0.5328947368421053,-0.1340782122905028,0.6845238095238095,-8.07311320754717,2.9293785310734464
2020-10-23,3.2690677966101696,-0.572429906542056,-2.508116883116883,3.4188034188034186,-0.5328947368421053,-0.4010989010989011,0.6338235294117647,-7.9907407407407405,2.829608938547486
2020-10-24,3.4127659574468083,-0.431924882629108,-2.3251633986928106,3.4188034188034186,-0.5328947368421053,-0.4010989010989011,0.6338235294117647,-7.780373831775701,3.0168539325842696
2020-10-25,3.8497854077253217,-0.1018957345971564,-2.2878289473684212,4.091304347826087,-0.5328947368421053,-0.013888888888888888,1.0610119047619047,-7.778301886792453,3.4517045454545454
2020-10-26,5.126059322033898,-0.6011627906976744,-2.6298701298701297,4.0021008403361344,-1.4,-0.3695054945054945,0.8387573964497042,-8.1651376146789,2.773480662983425
2020-10-27,5.826508620689655,0.17976190476190476,-1.5973154362416107,5.064102564102564,-1.4,0.41713483146067415,1.6039156626506024,-6.85377358490566,3.4957865168539324
2020-10-28,6.041125541125541,-0.0869047619047619,-1.8074324324324325,4.786637931034483,-2.048780487804878,0.3342696629213483,1.5150602409638554,-7.116822429906542,3.449438202247191
2020-10-29,5.495633187772926,0.16626794258373206,-1.7922297297297298,4.502136752136752,-4.6,0.635593220338983,1.5286144578313252,-8.317757009345794,3.808333333333333
2020-10-30,5.410944206008583,0.17370892018779344,-1.599337748344371,3.9705882352941178,-5.6726190476190474,0.8791666666666667,1.772189349112426,-8.662844036697248,3.7377717391304346
2020-10-31,5.410944206008583,0.17370892018779344,-1.599337748344371,3.9705882352941178,-5.6726190476190474,0.8791666666666667,1.772189349112426,-8.662844036697248,3.7377717391304346
2020-11-01,5.425324675324675,0.13981042654028436,-1.2701342281879195,3.777083333333333,-5.988372093023256,0.8469101123595506,1.6631736526946108,-8.569444444444445,3.7376373626373627
2020-11-02,5.796336206896552,-0.13679245283018868,-1.005,3.6638655462184873,-6.563953488372093,1.5880681818181819,2.463636363636364,-8.502358490566039,3.644230769230769
2020-11-03,4.1424050632911396,-0.6093023255813953,-1.6519607843137254,2.223360655737705,-6.517857142857143,1.4213483146067416,2.3674698795180724,-9.122596153846153,3.2486486486486488
2020-11-04,4.63655462184874,-0.056712962962962965,-0.48355263157894735,2.649193548387097,-3.8452380952380953,2.3286516853932584,3.3117469879518073,-8.822115384615385,3.8696236559139785
2020-11-05,4.241561181434599,-0.2824074074074074,-0.8042763157894737,2.256048387096774,-3.988095238095238,2.0547752808988764,3.1852409638554215,-9.054761904761905,3.60752688172043
2020-11-06,3.9623430962343096,-0.625,-1.2824675324675325,2.256048387096774,-3.988095238095238,1.613888888888889,2.699404761904762,-9.054761904761905,3.168882978723404
2020-11-07,3.9623430962343096,-0.625,-1.2824675324675325,2.256048387096774,-3.988095238095238,1.613888888888889,2.699404761904762,-9.054761904761905,3.168882978723404
2020-11-08,3.411764705882353,-1.25,-1.5097402597402598,1.854,-3.768292682926829,1.1432584269662922,2.2078313253012047,-9.016826923076923,2.463903743315508
2020-11-09,4.178125,-1.7789351851851851,-1.8051948051948052,1.544,-4.994047619047619,1.3884180790960452,2.477272727272727,-8.936274509803921,1.8696236559139785
2020-11-10,4.80801687763713,-1.8391203703703705,-2.0274193548387096,0.8709677419354839,-4.7926829268292686,1.3149717514124293,2.3984848484848484,-9.28960396039604,1.7351351351351352
2020-11-11,3.471875,-2.7637614678899083,-2.2691082802547773,-0.012096774193548387,-4.33125,0.5098314606741573,1.5286144578313252,-9.507352941176471,0.6189839572192514
2020-11-12,3.5103734439834025,-2.9052511415525113,-2.4683544303797467,-0.282,-4.33125,0.5098314606741573,1.5286144578313252,-9.507352941176471,0.43617021276595747
2020-11-13,3.5142857142857142,-2.4638009049773757,-1.8640625,0.4448818897637795,-1.9404761904761905,1.0656424581005586,2.1182634730538923,-9.716346153846153,0.26973684210526316
2020-11-14,3.5142857142857142,-2.4638009049773757,-1.8640625,0.4448818897637795,-1.9404761904761905,1.0656424581005586,2.1182634730538923,-9.716346153846153,0.26973684210526316
2020-11-15,3.77880658436214,-2.2511415525114153,-1.6855345911949686,0.864,-1.9404761904761905,1.0656424581005586,2.1182634730538923,-9.716346153846153,0.26973684210526316
2020-11-16,4.523958333333334,-2.0872093023255816,-1.5032051282051282,0.864,-1.6585365853658536,1.3428571428571427,2.441717791411043,-9.718137254901961,0.46524064171123
2020-11-17,5.161087866108787,-1.655373831775701,-0.9887820512820513,1.092,-0.8333333333333334,1.8936781609195403,3.0401234567901234,-9.07843137254902,0.9758064516129032
2020-11-18,5.699790794979079,-1.208139534883721,-0.40605095541401276,0.9166666666666666,-0.3684210526315789,2.422857142857143,3.7453703703703702,-9.10049019607843,1.4759358288770053
2020-11-19,4.961618257261411,-1.4488372093023256,-0.5859872611464968,0.736328125,-0.3684210526315789,2.1271428571428572,3.425925925925926,-9.205882352941176,1.3823529411764706
2020-11-20,5.328512396694215,-1.0081018518518519,0.05063291139240506,1.505813953488372,-0.3684210526315789,2.647727272727273,3.425925925925926,-9.205882352941176,1.9069148936170213
2020-11-21,5.328512396694215,-1.0081018518518519,0.05063291139240506,1.505813953488372,-0.3684210526315789,2.647727272727273,3.425925925925926,-9.205882352941176,1.9069148936170213
2020-11-22,4.765756302521009,-1.759433962264151,-0.5859872611464968,1.505813953488372,0.31756756756756754,2.2514367816091956,3.0046875,-9.205882352941176,1.1046195652173914
2020-11-23,4.814618644067797,-1.8242924528301887,-0.4326923076923077,1.434108527131783,-0.09210526315789473,1.4367816091954022,2.11875,-9.2475,1.080163043478261
2020-11-24,3.330168776371308,-2.383177570093458,-0.960691823899371,1.065891472868217,-0.868421052631579,1.0272988505747127,1.6734375,-9.5275,0.7810810810810811
2020-11-25,3.5972222222222223,-2.1954976303317535,-0.6794871794871795,1.3425196850393701,-0.868421052631579,1.3187134502923976,1.7735849056603774,-9.34020618556701,1.0508241758241759
2020-11-26,3.385593220338983,-2.375586854460094,-1.0238853503184713,1.0297619047619047,-0.868421052631579,1.05635838150289,1.486024844720497,-9.345,0.8070652173913043
2020-11-27,3.259493670886076,-2.389018691588785,-1.0506329113924051,1.0297619047619047,-0.868421052631579,1.0201149425287357,1.4444444444444444,-9.304455445544555,0.8070652173913043
2020-11-28,3.4512711864406778,-2.2030516431924885,-1.0506329113924051,1.0297619047619047,-0.868421052631579,1.0201149425287357,1.4444444444444444,-9.304455445544555,0.8070652173913043
2020-11-29,3.7553879310344827,-1.9736842105263157,-0.7094155844155844,1.2560483870967742,-0.868421052631579,1.3779411764705882,1.8401898734177216,-9.26530612244898,0.9958563535911602
2020-11-30,4.012987012987013,-1.6535714285714285,-0.2838709677419355,1.096774193548387,-1.263157894736842,1.7514619883040936,2.238993710691824,-8.126288659793815,1.348901098901099
2020-12-01,3.5586956521739133,-1.8361244019138756,-1.3003246753246753,1.3504098360655739,-0.7083333333333334,1.5926470588235293,2.200636942675159,-8.219072164948454,1.0714285714285714
2020-12-02,3.6277777777777778,-1.2536945812807883,-0.9901315789473685,2.0911016949152543,1.292857142857143,1.783132530120482,2.206168831168831,-8.020833333333334,1.7259887005649717
2020-12-03,1.327906976744186,-1.8494897959183674,-1.4429530201342282,0.49353448275862066,3.4357142857142855,2.0462962962962963,2.5016666666666665,-7.984210526315789,0.7456140350877193
2020-12-04,1.5783410138248848,-1.542929292929293,-1.0463576158940397,0.49353448275862066,5.340277777777778,1.8673780487804879,2.3026315789473686,-8.079896907216495,0.5910404624277457
2020-12-05,2.048611111111111,-1.0431472081218274,-0.38666666666666666,0.49353448275862066,5.340277777777778,2.4923312883435584,2.980132450331126,-8.079896907216495,0.5910404624277457
2020-12-06,2.0868544600938965,-1.0489690721649485,-0.5760135135135135,-0.15869565217391304,6.807142857142857,2.5515625,3.054054054054054,-8.316489361702128,0.6132352941176471
2020-12-07,2.436619718309859,-1.3150510204081634,-0.6241721854304636,-0.9627192982456141,6.541666666666667,2.065950920245399,2.519867549668874,-8.213917525773196,-0.07803468208092486
2020-12-08,3.491706161137441,-1.1548223350253808,-0.3576158940397351,-0.6504424778761062,6.358108108108108,2.4049079754601226,2.8857615894039736,-7.644329896907217,0.16329479768786126
2020-12-09,1.994047619047619,-1.6852791878172588,-0.4139072847682119,-0.8618421052631579,5.17948717948718,1.9274691358024691,2.3733333333333335,-7.767857142857143,-0.02857142857142857
2020-12-10,1.6358173076923077,-2.8346153846153848,-1.076158940397351,-2.765765765765766,3.74375,1.18944099378882,2.235,-8.542105263157895,-1.0087209302325582
2020-12-11,1.9150717703349283,-2.514030612244898,-0.6743421052631579,-2.5870535714285716,3.74375,1.5524691358024691,2.6175496688741724,-8.2734375,-0.903179190751445
2020-12-12,1.9150717703349283,-2.514030612244898,-0.6743421052631579,-2.5870535714285716,3.74375,1.5524691358024691,2.6175496688741724,-8.2734375,-0.903179190751445
2020-12-13,1.9550970873786409,-2.772020725388601,-0.9714765100671141,-2.324324324324324,3.74375,1.259433962264151,2.134228187919463,-7.835106382978723,-1.3464912280701755
2020-12-14,1.2169117647058822,-3.6099476439790577,-1.4931972789115646,-3.425675675675676,3.74375,0.7531446540880503,1.5939597315436242,-7.647849462365591,-1.675
2020-12-15,0.14460784313725492,-4.091145833333333,-1.4463087248322148,-3.6924778761061945,0.86875,-0.055900621118012424,0.7201986754966887,-7.7890625,-2.2266081871345027
2020-12-16,-0.46551724137931033,-3.6518324607329844,-1.0929054054054055,-3.4314159292035398,1.3461538461538463,0.49375,1.304635761589404,-7.427835051546392,-1.7220588235294119
2020-12-17,-0.6391625615763546,-3.390625,-0.5867346938775511,-3.017699115044248,1.3461538461538463,0.7795031055900621,1.6019736842105263,-7.275510204081633,-1.7877906976744187
2020-12-18,-0.9203431372549019,-3.5207253886010363,-0.7753378378378378,-3.241228070175439,1.3461538461538463,0.5987654320987654,1.4052287581699345,-7.267676767676767,-1.9421965317919074
2020-12-19,-0.9203431372549019,-3.5207253886010363,-0.7753378378378378,-3.241228070175439,1.3461538461538463,0.5987654320987654,1.4052287581699345,-7.267676767676767,-1.9421965317919074
2020-12-20,0.14668367346938777,-3.100806451612903,0.6197183098591549,-2.3849557522123894,2.4166666666666665,1.5207006369426752,2.410472972972973,-7.833333333333333,-1.8358433734939759
2020-12-21,-2.008974358974359,-3.714673913043478,-0.13392857142857142,-2.107142857142857,1.8175675675675675,0.6073717948717948,1.4472789115646258,-7.324468085106383,-2.0904907975460123
2020-12-22,-1.2268041237113403,-3.9567567567567568,-0.39361702127659576,-2.361607142857143,1.4276315789473684,0.2945859872611465,1.1097972972972974,-7.455729166666667,-2.196319018404908
2020-12-23,-1.505181347150259,-3.7526737967914436,-0.640625,-0.9797297297297297,0.7371794871794872,0.4811320754716981,1.2966666666666666,-6.737373737373737,-1.6712962962962963
2020-12-24,-1.481578947368421,-3.764945652173913,-0.5904255319148937,-0.9236111111111112,0.45625,0.14968152866242038,0.956081081081081,-6.395,-1.6925465838509317
2020-12-25,-1.481578947368421,-3.764945652173913,-0.5904255319148937,-0.9236111111111112,0.45625,0.14968152866242038,0.956081081081081,-6.395,-1.6925465838509317
2020-12-26,-1.481578947368421,-3.764945652173913,-0.5904255319148937,-0.9236111111111112,0.45625,0.14968152866242038,0.956081081081081,-6.395,-1.6925465838509317
2020-12-27,-1.734375,-3.5175675675675677,-0.2904929577464789,-0.4212962962962963,0.45625,0.41455696202531644,1.2315436241610738,-6.294554455445544,-1.6589506172839505
2020-12-28,-2.078125,-3.764945652173913,-0.6187943262411347,-0.38425925925925924,-0.012195121951219513,0.004746835443037975,0.7969798657718121,-6.5725,-1.9301242236024845
2020-12-29,-2.808201058201058,-3.918032786885246,-1.0070921985815602,-0.8912037037037037,-0.10119047619047619,-0.14968152866242038,0.6385135135135135,-6.33080808080808,-2.09375
2020-12-30,-2.4135135135135135,-4.041666666666667,-0.7303571428571428,-0.9206730769230769,-0.3546511627906977,-0.42096774193548386,0.02040816326530612,-6.244949494949495,-1.8557692307692308
2020-12-31,-2.2336065573770494,-4.303072625698324,-1.1870503597122302,-1.6529126213592233,-0.6022727272727273,-0.6834415584415584,-0.2534246575342466,-6.126262626262626,-2.337096774193548
2021-01-01,-2.2336065573770494,-4.303072625698324,-1.1870503597122302,-1.6529126213592233,-0.6022727272727273,-0.6834415584415584,-0.2534246575342466,-6.126262626262626,-2.337096774193548
2021-01-02,-1.9615384615384615,-4.036516853932584,-1.1870503597122302,-1.161764705882353,-0.6022727272727273,-0.34967320261437906,0.10172413793103448,-6.126262626262626,-2.337096774193548
2021-01-03,-1.4847222222222223,-3.5724431818181817,-0.8065693430656934,-0.900990099009901,-0.6022727272727273,0.24006622516556292,0.7307692307692307,-5.908163265306122,-2.011437908496732
2021-01-04,-1.225,-2.7641242937853105,-0.17086330935251798,-0.0475,-0.6022727272727273,1.48,2.0440140845070425,-5.762886597938144,-0.8888888888888888
2021-01-05,-0.39809782608695654,-2.9134615384615383,-0.4149305555555556,-1.2524271844660195,-1.2277777777777779,1.167741935483871,1.695578231292517,-5.138613861386139,-0.947452229299363
2021-01-06,0.6209239130434783,-3.5423497267759565,-0.4010416666666667,-1.7426470588235294,-2.3636363636363638,0.40384615384615385,0.8868243243243243,-5.752475247524752,-1.6882911392405062
2021-01-07,0.11005434782608696,-3.262295081967213,-0.4600694444444444,-1.7426470588235294,-2.3636363636363638,0.34935897435897434,0.8293918918918919,-5.970588235294118,-1.7420886075949367
2021-01-08,-0.07297297297297298,-3.4279891304347827,-0.6896551724137931,-1.7426470588235294,-2.3636363636363638,0.1321656050955414,0.5973154362416108,-5.970588235294118,-1.9433962264150944
2021-01-09,-0.07297297297297298,-3.4279891304347827,-0.5625,-1.5717821782178218,-2.3636363636363638,0.1321656050955414,0.5973154362416108,-5.970588235294118,-1.9433962264150944
2021-01-10,-0.42896174863387976,-3.822802197802198,-0.32167832167832167,-1.2375,-2.3636363636363638,-0.2854838709677419,0.16326530612244897,-5.970588235294118,-2.3821656050955413
2021-01-11,-0.4781420765027322,-3.382596685082873,0.2640845070422535,-1.3712871287128714,-0.3967391304347826,0.25487012987012986,0.7363013698630136,-6.026699029126213,-2.5193548387096776
2021-01-12,-0.7554054054054054,-3.4262295081967213,-0.374113475177305,-2.448019801980198,-2.125,0.15705128205128205,0.6266891891891891,-5.05188679245283,-2.5993589743589745
2021-01-13,-1.6527777777777777,-3.536111111111111,-0.7834507042253521,-3.6186868686868685,-3.895348837209302,0.17763157894736842,0.8586206896551725,-3.9119047619047618,-3.00974025974026
2021-01-14,-2.9860335195530725,-4.507062146892656,-1.960431654676259,-5.53421052631579,-6.652439024390244,-0.4166666666666667,0.032758620689655175,-4.556372549019608,-3.5411184210526314
2021-01-15,-2.8365384615384617,-4.2192737430167595,-2.101785714285714,-5.018041237113402,-6.652439024390244,-0.13157894736842105,0.32142857142857145,-4.556372549019608,-3.219155844155844
2021-01-16,-2.8365384615384617,-4.2192737430167595,-2.101785714285714,-5.018041237113402,-6.652439024390244,-0.13157894736842105,0.32142857142857145,-4.556372549019608,-3.219155844155844
2021-01-17,-2.669491525423729,-4.089080459770115,-1.6032608695652173,-5.897368421052631,-6.652439024390244,-0.7947019867549668,-0.3613013698630137,-4.556372549019608,-3.033557046979866
2021-01-18,-2.7614942528735633,-4.47093023255814,-1.0,-6.575268817204301,-8.846153846153847,-1.3683333333333334,-0.8603448275862069,-4.565533980582524,-3.668918918918919
2021-01-19,-3.092857142857143,-4.1671597633136095,-0.44886363636363635,-6.478260869565218,-8.324324324324325,-0.95578231292517,-0.4225352112676056,-4.757352941176471,-3.5287162162162162
2021-01-20,-4.132183908045977,-4.9655688622754495,-1.2919847328244274,-7.858695652173913,-8.81578947368421,-0.9551724137931035,-0.4142857142857143,-5.794554455445544,-4.433219178082192
2021-01-21,-4.138571428571429,-4.1946107784431135,-0.34541984732824427,-6.483516483516484,-8.81578947368421,-0.1,0.17198581560283688,-5.97029702970297,-3.811224489795918
2021-01-22,-4.1709039548022595,-4.239583333333333,-0.4318181818181818,-6.081521739130435,-8.81578947368421,-0.1797945205479452,0.0880281690140845,-6.026960784313726,-3.864864864864865
2021-01-23,-4.1709039548022595,-4.239583333333333,-0.4318181818181818,-6.081521739130435,-8.81578947368421,-0.1797945205479452,0.0880281690140845,-6.026960784313726,-3.864864864864865
2021-01-24,-5.361111111111111,-4.163043478260869,-0.515748031496063,-6.174418604651163,-8.3125,-0.19326241134751773,-0.1213768115942029,-5.309278350515464,-3.1267605633802815
2021-01-25,-6.185672514619883,-5.064814814814815,-1.5866141732283465,-7.423529411764706,-8.3125,-1.00354609929078,-0.9492753623188406,-6.487113402061856,-4.155594405594406
2021-01-26,-4.8898809523809526,-4.3875,-0.9702380952380952,-6.3102409638554215,-7.75,-0.7857142857142857,-0.7262773722627737,-6.078947368421052,-3.847517730496454
2021-01-27,-4.284682080924855,-3.1814024390243905,0.013779527559055118,-4.894117647058824,-2.598684210526316,0.4878472222222222,0.5726950354609929,-3.6443298969072164,-2.3246527777777777
2021-01-28,-2.6364942528735633,-2.379573170731707,0.4027777777777778,-4.358433734939759,-2.2567567567567566,0.8767605633802817,0.9712230215827338,-2.7091836734693877,-1.4114583333333333
2021-01-29,-3.9293785310734464,-2.026470588235294,1.2614503816793894,-4.744047619047619,-3.164473684210526,1.763793103448276,1.875,-1.1200980392156863,-1.05
2021-01-30,-3.9293785310734464,-2.026470588235294,1.2614503816793894,-4.569277108433735,-2.72972972972973,1.763793103448276,1.875,-0.9405940594059405,-1.05
2021-01-31,-3.77,-2.1482035928143715,1.1796875,-4.1189024390243905,-1.6527777777777777,1.3793706293706294,1.4839285714285715,-0.9405940594059405,-1.4408783783783783
2021-02-01,-3.736842105263158,-1.4136363636363636,2.1944444444444446,-3.1455696202531644,-4.3108108108108105,1.857394366197183,2.407608695652174,-0.5606060606060606,-1.0774647887323943
2021-02-02,-4.230769230769231,-2.044753086419753,0.8293650793650794,-3.789473684210526,-7.378378378378378,0.7464539007092199,1.2682481751824817,-1.0303030303030303,-1.8057553956834533
2021-02-03,-3.785928143712575,-1.5838509316770186,2.476,-1.480263157894737,-6.361111111111111,1.2964285714285715,1.6341911764705883,0.31565656565656564,-1.0656934306569343
2021-02-04,-3.3278443113772456,-0.8932926829268293,3.265625,-2.0632911392405062,-6.361111111111111,2.027972027972028,2.541970802919708,-0.36778846153846156,-0.03237410071942446
2021-02-05,-3.4613095238095237,-1.043939393939394,3.265625,-2.359375,-6.361111111111111,1.8350694444444444,2.3369565217391304,-0.36778846153846156,-0.21607142857142858
2021-02-06,-3.194610778443114,-0.7576219512195121,3.6692913385826773,-1.7816455696202531,-6.361111111111111,1.8350694444444444,2.3369565217391304,-0.36778846153846156,0.12769784172661872
2021-02-07,-4.925925925925926,-0.5246913580246914,4.136904761904762,-1.0961538461538463,-4.964285714285714,1.736013986013986,2.2372262773722627,-0.36778846153846156,0.41605839416058393
2021-02-08,-5.210365853658536,-0.6487730061349694,4.2204724409448815,-0.29430379746835444,-4.964285714285714,1.5798611111111112,2.0706521739130435,-0.07211538461538461,0.3597122302158273
2021-02-09,-3.6080246913580245,0.05401234567901234,4.908730158730159,0.015822784810126583,-5.263888888888889,1.9357638888888888,2.697080291970803,0.28640776699029125,1.437956204379562
2021-02-10,-2.6564417177914113,-0.649390243902439,4.624,-1.2820512820512822,-5.263888888888889,1.1284246575342465,1.8381294964028776,0.45,0.5881294964028777
2021-02-11,-3.053125,-0.843939393939394,4.45,-2.8798701298701297,-8.272058823529411,0.048986486486486486,0.6950354609929078,1.6857142857142857,1.4496402877697843
2021-02-12,-3.2267080745341614,-0.23644578313253012,5.208333333333333,-1.560897435897436,-8.272058823529411,0.7197986577181208,1.3943661971830985,1.5235849056603774,1.3285714285714285
2021-02-13,-3.2267080745341614,-0.23644578313253012,5.208333333333333,-1.560897435897436,-8.272058823529411,0.7197986577181208,1.3943661971830985,1.5235849056603774,1.3285714285714285
2021-02-14,-3.9609375,-0.23644578313253012,5.208333333333333,-1.560897435897436,-8.272058823529411,0.7197986577181208,1.3943661971830985,1.5235849056603774,1.3285714285714285
2021-02-15,-4.6984375,-0.6265060240963856,4.694444444444445,-1.6428571428571428,-8.272058823529411,0.28523489932885904,0.9383802816901409,0.964622641509434,0.8660714285714286
2021-02-16,-5.540372670807454,-1.2650602409638554,3.161290322580645,-2.71,-8.272058823529411,-0.4261744966442953,0.05244755244755245,1.0589622641509433,0.24820143884892087
2021-02-17,-5.1984375,-1.4698795180722892,2.6975806451612905,-3.0273972602739727,-8.272058823529411,-0.34395973154362414,0.1381118881118881,0.9579439252336449,-0.24280575539568344
2021-02-18,-6.574074074074074,-2.5310650887573964,1.472,-5.18,-8.272058823529411,-1.5460526315789473,-0.477891156462585,0.5779816513761468,-1.5757042253521127
2021-02-19,-7.287425149700598,-2.945086705202312,0.966796875,-5.9525316455696204,-8.272058823529411,-2.030448717948718,-1.0066225165562914,0.024553571428571428,-2.0924657534246576
2021-02-20,-7.287425149700598,-2.945086705202312,0.966796875,-5.9525316455696204,-8.272058823529411,-2.030448717948718,-1.0066225165562914,0.024553571428571428,-2.0924657534246576
2021-02-21,-7.706325301204819,-3.2705882352941176,0.30952380952380953,-6.909090909090909,-8.06060606060606,-1.7159090909090908,-0.6677852348993288,0.024553571428571428,-2.7100694444444446
2021-02-22,-7.927710843373494,-3.210294117647059,0.4596774193548387,-6.584415584415584,-8.462121212121213,-2.016025641025641,-0.9917218543046358,0.17342342342342343,-3.0965517241379312
2021-02-23,-9.186764705882354,-3.8836206896551726,-0.5703125,-6.910256410256411,-9.154411764705882,-2.507861635220126,-1.5194805194805194,0.020089285714285716,-3.8859060402684564
2021-02-24,-10.232558139534884,-4.642045454545454,-1.3346153846153845,-6.910256410256411,-10.657142857142857,-3.3540372670807455,-2.405448717948718,-0.19642857142857142,-4.433333333333334
2021-02-25,-11.375714285714286,-5.279661016949152,-2.2213740458015265,-7.39873417721519,-10.657142857142857,-4.058641975308642,-3.138535031847134,-0.5558035714285714,-4.9155629139072845
2021-02-26,-11.06638418079096,-5.0307262569832405,-1.446969696969697,-7.39873417721519,-10.657142857142857,-3.801829268292683,-2.4857594936708862,-0.5558035714285714,-4.225328947368421
2021-02-27,-11.06638418079096,-5.0307262569832405,-1.446969696969697,-7.39873417721519,-10.657142857142857,-3.801829268292683,-2.4857594936708862,-0.5558035714285714,-4.225328947368421
2021-02-28,-11.834745762711865,-5.909604519774011,-2.5884615384615386,-7.160256410256411,-10.132352941176471,-4.746913580246914,-3.4503205128205128,-1.4617117117117118,-4.615771812080537
2021-03-01,-11.963483146067416,-6.112215909090909,-2.333984375,-7.058441558441558,-9.795454545454545,-5.009316770186335,-3.8076923076923075,-1.2706422018348624,-4.847972972972973
2021-03-02,-12.377118644067796,-6.532670454545454,-2.6705426356589146,-7.5230263157894735,-9.795454545454545,-5.468944099378882,-4.282051282051282,-1.2037037037037037,-5.347972972972973
2021-03-03,-10.689944134078212,-6.066666666666666,-2.929924242424242,-4.416666666666667,-7.015151515151516,-4.559451219512195,-3.3663522012578615,-0.45,-4.9614093959731544
2021-03-04,-11.32554945054945,-7.423497267759563,-4.242424242424242,-4.416666666666667,-9.484375,-5.3343373493975905,-4.180124223602484,-0.786036036036036,-5.453642384105961
2021-03-05,-11.330645161290322,-8.32027027027027,-5.527985074626866,-4.416666666666667,-9.484375,-6.1413690476190474,-5.026073619631902,-0.786036036036036,-5.949013157894737
2021-03-06,-11.330645161290322,-8.32027027027027,-5.527985074626866,-4.416666666666667,-9.484375,-6.1413690476190474,-5.026073619631902,-0.786036036036036,-5.949013157894737
2021-03-07,-11.297554347826088,-7.75828729281768,-5.496153846153846,-4.3603896103896105,-9.701612903225806,-5.467987804878049,-4.303459119496855,-0.514018691588785,-5.197635135135135
2021-03-08,-10.533602150537634,-6.6146408839779,-3.950381679389313,-4.3603896103896105,-9.112068965517242,-4.117378048780488,-3.5617088607594938,0.2523364485981308,-4.552364864864865
2021-03-09,-11.691176470588236,-7.9002732240437155,-6.2180451127819545,-5.48,-8.555555555555555,-4.6878787878787875,-4.1572327044025155,0.08878504672897196,-4.848639455782313
2021-03-10,-11.949468085106384,-7.2923497267759565,-5.274436090225564,-5.5,-9.083333333333334,-3.625766871165644,-3.0477707006369426,0.2028301886792453,-4.41722972972973
2021-03-11,-12.781746031746032,-8.172554347826088,-6.498134328358209,-7.08445945945946,-9.089285714285714,-4.635670731707317,-4.099683544303797,-0.04716981132075472,-4.596283783783784
2021-03-12,-12.462041884816754,-7.94385026737968,-6.2226277372262775,-5.656666666666666,-9.089285714285714,-4.4431137724550895,-3.5484375,-0.2336448598130841,-4.001666666666667
2021-03-13,-12.462041884816754,-7.94385026737968,-6.2226277372262775,-5.656666666666666,-9.089285714285714,-4.4431137724550895,-3.5484375,-0.2336448598130841,-4.001666666666667
2021-03-14,-12.586436170212766,-7.997282608695652,-6.207720588235294,-5.4324324324324325,-9.089285714285714,-4.439024390243903,-3.5270700636942673,-0.1580188679245283,-3.988095238095238
2021-03-15,-11.45187165775401,-7.419836956521739,-5.426470588235294,-5.069444444444445,-9.178571428571429,-3.7911585365853657,-2.8503184713375798,-0.3419811320754717,-3.1301369863013697
2021-03-16,-11.809139784946236,-7.39344262295082,-5.3277777777777775,-4.785211267605634,-9.178571428571429,-3.7175925925925926,-2.780844155844156,-0.3738095238095238,-2.9461805555555554
2021-03-17,-11.82620320855615,-7.41120218579235,-5.415441176470588,-4.503623188405797,-9.198275862068966,-3.7376543209876543,-2.801948051948052,-0.625,-3.1120689655172415
2021-03-18,-12.895287958115183,-7.69489247311828,-5.838129496402877,-4.841549295774648,-9.198275862068966,-3.9923312883435584,-3.075806451612903,-0.569047619047619,-3.2976190476190474
2021-03-19,-13.510309278350515,-7.712566844919786,-5.875,-4.927083333333333,-9.198275862068966,-4.035060975609756,-3.1266025641025643,-0.6674528301886793,-3.3496621621621623
2021-03-20,-13.510309278350515,-7.712566844919786,-5.875,-4.927083333333333,-9.198275862068966,-4.035060975609756,-3.1266025641025643,-0.6674528301886793,-3.3496621621621623
2021-03-21,-12.6282722513089,-7.178378378378379,-5.132246376811594,-5.037671232876712,-8.821428571428571,-3.3796296296296298,-2.425324675324675,-0.6037735849056604,-3.076530612244898
2021-03-22,-12.76842105263158,-7.114130434782608,-4.981751824817518,-4.616197183098592,-8.666666666666666,-3.282608695652174,-2.316993464052288,-0.6023809523809524,-3.1598639455782314
2021-03-23,-11.74609375,-5.864864864864865,-3.322463768115942,-4.733108108108108,-4.018518518518518,-1.7934782608695652,-0.75,-0.2357142857142857,-1.9701986754966887
2021-03-24,-10.394132653061224,-5.247368421052632,-1.957142857142857,-4.39935064935065,-0.7678571428571429,-1.8227272727272728,-0.8073248407643312,0.2665094339622642,-1.011437908496732
2021-03-25,-10.16375,-5.115979381443299,-2.5839160839160837,-5.3924050632911396,-1.853448275862069,-1.7529585798816567,-0.7593167701863354,1.1111111111111112,-0.6169871794871795
2021-03-26,-9.828048780487805,-4.896984924623116,-2.272108843537415,-4.662650602409639,0.782258064516129,-1.48121387283237,-0.4984848484848485,1.2212389380530972,-0.4860248447204969
2021-03-27,-9.592821782178218,-5.030456852791878,-2.4172413793103447,-5.070121951219512,0.782258064516129,-1.595029239766082,-0.6058282208588958,1.4391891891891893,-0.3553459119496855
2021-03-28,-9.369346733668342,-4.921794871794872,-2.3038194444444446,-4.978395061728395,1.4333333333333333,-1.4289940828402368,-0.4192546583850932,1.565909090909091,-0.160828025477707
2021-03-29,-8.761363636363637,-5.456410256410257,-3.032758620689655,-6.151234567901234,-0.1,-2.0458579881656807,-1.0667701863354038,1.231981981981982,-0.8248407643312102
2021-03-30,-9.6,-5.7969543147208125,-3.522108843537415,-6.743975903614458,-0.45,-2.4780701754385963,-1.5322085889570551,1.1373873873873874,-1.1226415094339623
2021-03-31,-9.848258706467663,-5.716836734693878,-3.5391156462585034,-6.807228915662651,-0.07758620689655173,-2.3823529411764706,-1.4259259259259258,1.0647321428571428,-1.0754716981132075
2021-04-01,-10.285539215686274,-5.9475,-3.902317880794702,-7.089285714285714,-1.0916666666666666,-2.7241379310344827,-1.8072289156626506,0.7326086956521739,-1.4723926380368098
2021-04-02,-10.285539215686274,-5.9475,-3.919407894736842,-7.089285714285714,-1.0916666666666666,-2.7241379310344827,-1.8072289156626506,0.7326086956521739,-1.4723926380368098
2021-04-03,-10.285539215686274,-5.9475,-3.919407894736842,-7.089285714285714,-1.0916666666666666,-2.7241379310344827,-1.8072289156626506,0.7326086956521739,-1.4723926380368098
2021-04-04,-9.82625,-6.232142857142857,-4.229591836734694,-6.826219512195122,-1.0916666666666666,-3.2107558139534884,-2.3064024390243905,0.7717391304347826,-1.765625
2021-04-05,-10.857868020304569,-6.259114583333333,-4.125,-5.512658227848101,-0.13793103448275862,-3.169642857142857,-2.240625,0.3013392857142857,-1.8535031847133758
2021-04-06,-12.03643216080402,-5.325129533678757,-3.248263888888889,-5.675,-0.13793103448275862,-2.2723214285714284,-1.2984375,0.3392857142857143,-0.6273885350318471
2021-04-07,-11.340452261306533,-5.435567010309279,-3.410344827586207,-5.916666666666667,-1.5080645161290323,-2.4171597633136095,-1.4565217391304348,0.38495575221238937,-1.0590062111801242
2021-04-08,-11.3025,-5.426923076923077,-3.339655172413793,-6.283132530120482,-1.5080645161290323,-2.425,-1.470679012345679,0.25877192982456143,-1.0756172839506173
2021-04-09,-11.264925373134329,-5.473214285714286,-3.339655172413793,-6.380952380952381,-1.5080645161290323,-2.495614035087719,-1.5506134969325154,0.13043478260869565,-1.1579754601226995
2021-04-10,-11.264925373134329,-5.473214285714286,-3.339655172413793,-6.380952380952381,-1.5080645161290323,-2.495614035087719,-1.5506134969325154,0.13043478260869565,-1.1579754601226995
2021-04-11,-11.384517766497462,-5.926165803108808,-3.910211267605634,-7.576219512195122,-4.568965517241379,-2.962797619047619,-2.0234375,0.3893805309734513,-0.9922360248447205
2021-04-12,-11.850253807106599,-6.595854922279793,-3.9756944444444446,-7.858433734939759,-4.568965517241379,-3.732142857142857,-2.738993710691824,-0.28153153153153154,-1.7731481481481481
2021-04-13,-11.7260101010101,-7.3359375,-4.865384615384615,-8.289634146341463,-5.0,-4.6101190476190474,-3.6666666666666665,-1.0727272727272728,-2.625776397515528
2021-04-14,-11.661167512690355,-7.27319587628866,-4.730769230769231,-8.192073170731707,-5.0,-4.570588235294117,-3.6366459627329193,-1.3030973451327434,-2.615740740740741
2021-04-15,-11.143401015228426,-6.837179487179487,-3.6862068965517243,-8.408536585365853,-5.0,-4.0891812865497075,-3.134259259259259,-1.6271551724137931,-2.8098159509202456
2021-04-16,-11.29625,-6.849747474747475,-3.7857142857142856,-8.392857142857142,-5.0,-4.150862068965517,-3.216666666666667,-1.7860169491525424,-2.8098159509202456
2021-04-17,-11.29625,-6.849747474747475,-3.7857142857142856,-8.392857142857142,-5.0,-4.150862068965517,-3.216666666666667,-1.7860169491525424,-2.8098159509202456
2021-04-18,-11.47969543147208,-7.243589743589744,-4.4965753424657535,-8.033132530120483,-5.217741935483871,-4.552631578947368,-3.835889570552147,-2.6314655172413794,-3.2140625
2021-04-19,-11.516497461928934,-7.280769230769231,-4.6215753424657535,-7.9817073170731705,-5.125,-4.507352941176471,-3.7839506172839505,-2.5478260869565217,-3.259375
2021-04-20,-10.170854271356784,-7.086294416243655,-4.605442176870748,-7.400602409638554,-3.3583333333333334,-5.055232558139535,-4.367378048780488,-2.9364406779661016,-3.072530864197531
2021-04-21,-10.003787878787879,-7.030769230769231,-4.659863945578231,-7.295731707317073,-0.024193548387096774,-5.101744186046512,-4.416158536585366,-3.0042372881355934,-3.0434782608695654
2021-04-22,-10.44875,-7.486111111111111,-5.048657718120805,-8.274096385542169,-1.3984375,-5.617816091954023,-4.965361445783133,-3.0233050847457625,-3.3588957055214723
2021-04-23,-10.301980198019802,-7.3675,-5.048657718120805,-8.274096385542169,-1.3984375,-5.504261363636363,-4.854166666666667,-3.0233050847457625,-3.265151515151515
2021-04-24,-10.301980198019802,-7.3675,-5.048657718120805,-8.274096385542169,-1.3984375,-5.504261363636363,-4.854166666666667,-3.0233050847457625,-3.265151515151515
2021-04-25,-10.075,-7.188131313131313,-4.839527027027027,-8.274096385542169,-1.3984375,-5.454285714285715,-4.797904191616767,-2.927350427350427,-2.996932515337423
2021-04-26,-10.866995073891626,-7.454773869346734,-4.947986577181208,-8.633928571428571,-1.3984375,-5.542613636363637,-4.894345238095238,-2.83974358974359,-3.106707317073171
2021-04-27,-11.433417085427136,-8.421794871794871,-4.964765100671141,-9.932098765432098,-7.491379310344827,-6.594476744186046,-5.975460122699387,-3.747844827586207,-4.321428571428571
2021-04-28,-12.837179487179487,-9.17051282051282,-5.461920529801325,-9.58433734939759,-6.525862068965517,-7.122857142857143,-6.543674698795181,-4.282327586206897,-5.1921875
2021-04-29,-12.184278350515465,-9.847368421052632,-6.641156462585034,-9.367469879518072,-5.446428571428571,-8.01017441860465,-7.469325153374233,-5.785714285714286,-6.05448717948718
2021-04-30,-11.83974358974359,-9.797120418848168,-6.597972972972973,-9.258928571428571,-4.2155172413793105,-7.965317919075145,-7.425304878048781,-5.466814159292035,-6.05448717948718
2021-05-01,-12.931701030927835,-9.797120418848168,-6.597972972972973,-9.258928571428571,-4.2155172413793105,-7.965317919075145,-7.425304878048781,-5.466814159292035,-6.05448717948718
2021-05-02,-11.56413612565445,-10.143048128342246,-6.958333333333333,-8.671686746987952,-0.7946428571428571,-8.402366863905325,-8.169753086419753,-5.469298245614035,-6.05448717948718
2021-05-03,-11.214659685863875,-10.11229946524064,-6.8723776223776225,-8.821428571428571,-0.32407407407407407,-8.368343195266272,-8.156441717791411,-5.20353982300885,-5.919354838709677
2021-05-04,-11.813802083333334,-10.300802139037433,-6.8723776223776225,-8.572289156626505,-0.9642857142857143,-7.606508875739645,-7.366564417177914,-6.142857142857143,-5.919354838709677
2021-05-05,-12.22265625,-10.190217391304348,-6.6535714285714285,-6.925925925925926,-0.9642857142857143,-7.4352409638554215,-7.203703703703703,-5.87037037037037,-6.574013157894737
2021-05-06,-12.129441624365482,-9.867021276595745,-6.463793103448276,-6.261904761904762,-1.5862068965517242,-7.0325443786982245,-6.795454545454546,-6.072727272727272,-6.277243589743589
2021-05-07,-12.305555555555555,-10.063492063492063,-6.741438356164384,-6.741176470588235,1.8,-6.454678362573099,-6.206586826347305,-6.155405405405405,-6.334394904458598
2021-05-08,-12.305555555555555,-10.063492063492063,-6.741438356164384,-6.741176470588235,1.8,-6.454678362573099,-6.206586826347305,-6.155405405405405,-6.334394904458598
2021-05-09,-12.268041237113403,-9.975675675675676,-6.63986013986014,-6.448795180722891,1.8,-6.270958083832335,-6.012269938650307,-6.0963302752293576,-6.130718954248366
2021-05-10,-13.00897435897436,-10.282432432432433,-6.984265734265734,-6.976190476190476,1.475,-6.496987951807229,-6.403374233128834,-6.452272727272727,-6.670454545454546
2021-05-11,-14.44559585492228,-10.366758241758241,-7.398601398601398,-6.63855421686747,1.475,-6.695121951219512,-6.604037267080745,-6.736111111111111,-6.700331125827814
2021-05-12,-13.222081218274111,-10.032786885245901,-7.022413793103448,-6.353658536585366,1.475,-5.335365853658536,-5.218944099378882,-6.953703703703703,-6.477124183006536
2021-05-13,-11.914141414141413,-10.033602150537634,-6.775510204081633,-7.666666666666667,1.475,-5.1370481927710845,-5.0184049079754605,-5.942660550458716,-5.7646103896103895
2021-05-14,-12.83457711442786,-10.61111111111111,-7.307046979865772,-7.666666666666667,1.475,-5.428571428571429,-5.316666666666666,-6.1824324324324325,-6.195859872611465
2021-05-15,-12.83457711442786,-10.61111111111111,-7.307046979865772,-7.666666666666667,1.475,-5.428571428571429,-5.316666666666666,-6.1824324324324325,-6.195859872611465
2021-05-16,-12.87,-10.636968085106384,-7.3175675675675675,-7.666666666666667,1.475,-5.426646706586826,-5.314024390243903,-6.1863636363636365,-6.198717948717949
2021-05-17,-12.3125,-10.043882978723405,-6.580536912751678,-7.789634146341464,0.484375,-4.758982035928144,-4.634146341463414,-6.204128440366972,-5.571656050955414
2021-05-18,-12.19375,-9.973544973544973,-6.426174496644295,-7.4879518072289155,0.484375,-4.818862275449102,-4.695121951219512,-6.295871559633028,-5.340764331210191
2021-05-19,-11.01865671641791,-9.719736842105263,-6.1092715231788075,-7.003086419753086,0.06818181818181818,-4.130239520958084,-3.9939024390243905,-6.2889908256880735,-4.405448717948718
2021-05-20,-10.62,-9.047872340425531,-5.115771812080537,-6.685897435897436,3.0073529411764706,-3.296969696969697,-3.1435185185185186,-5.898584905660377,-3.5162337662337664
2021-05-21,-10.61318407960199,-9.048941798941799,-5.115771812080537,-6.718354430379747,3.0073529411764706,-3.3328313253012047,-3.1809815950920246,-5.929906542056075,-3.553225806451613
2021-05-22,-10.61318407960199,-9.048941798941799,-5.115771812080537,-6.718354430379747,3.0073529411764706,-3.3328313253012047,-3.1809815950920246,-5.929906542056075,-3.553225806451613
2021-05-23,-9.811868686868687,-8.551075268817204,-4.70578231292517,-6.381410256410256,4.492424242424242,-2.607361963190184,-2.4390625,-5.759345794392523,-2.835526315789474
2021-05-24,-9.39102564102564,-8.375,-3.9283216783216783,-6.9145569620253164,5.6328125,-2.6003086419753085,-2.430817610062893,-5.653301886792453,-2.248322147651007
2021-05-25,-8.3828125,-7.6035911602209945,-3.2074468085106385,-7.0375,7.806451612903226,-1.6132075471698113,-1.421474358974359,-5.415865384615385,-1.625
2021-05-26,-7.306578947368421,-7.126373626373627,-2.6267605633802815,-6.550632911392405,6.356060606060606,-1.1078125,-0.9076433121019108,-5.097619047619047,-1.3418367346938775
2021-05-27,-7.536649214659686,-7.370218579234972,-3.407986111111111,-6.780864197530864,5.0928571428571425,-1.4223602484472049,-1.6367924528301887,-5.275462962962963,-1.9662162162162162
2021-05-28,-7.365284974093265,-7.193243243243243,-3.238013698630137,-6.400602409638554,5.805555555555555,-1.294478527607362,-1.5046583850931676,-5.420454545454546,-2.1166666666666667
2021-05-29,-6.8828125,-6.688858695652174,-2.570689655172414,-6.400602409638554,5.805555555555555,-0.6851851851851852,-0.8890625,-5.420454545454546,-2.1166666666666667
2021-05-30,-5.9523809523809526,-6.232142857142857,-2.3871527777777777,-6.400602409638554,5.805555555555555,-0.090625,-0.28955696202531644,-5.204128440366972,-1.4932432432432432
2021-05-31,-5.515789473684211,-5.778688524590164,-1.7482638888888888,-6.258928571428571,5.4605263157894735,0.38664596273291924,0.1949685534591195,-5.220454545454546,-1.186241610738255
2021-06-01,-6.868489583333333,-5.887978142076503,-1.1844827586206896,-7.3932926829268295,2.9054054054054053,-0.2021604938271605,-0.30974842767295596,-6.283482142857143,-1.2582236842105263
2021-06-02,-6.848167539267016,-4.995833333333334,-0.5982758620689655,-7.3932926829268295,2.9054054054054053,0.61875,0.5254777070063694,-5.904545454545454,-0.6073825503355704
2021-06-03,-6.85,-4.236111111111111,0.6128472222222222,-7.765060240963855,2.9054054054054053,1.2578125,1.1767515923566878,-5.903153153153153,-0.1040268456375839
2021-06-04,-6.66243654822335,-3.9018817204301075,0.22466216216216217,-7.583333333333333,2.4078947368421053,1.396969696969697,1.3209876543209877,-6.072368421052632,-0.5113636363636364
2021-06-05,-7.206632653061225,-4.463513513513513,0.22466216216216217,-7.583333333333333,2.4078947368421053,0.7957317073170732,0.7080745341614907,-6.072368421052632,-1.1683006535947713
2021-06-06,-7.671875,-5.418956043956044,-0.8775862068965518,-7.583333333333333,2.4078947368421053,-0.42901234567901236,0.0875,-6.720982142857143,-1.5844370860927153
2021-06-07,-5.815159574468085,-3.946927374301676,0.625,-7.583333333333333,1.9487179487179487,0.21894409937888198,0.7468553459119497,-6.506696428571429,-0.935
2021-06-08,-5.692204301075269,-4.334254143646409,-0.3409090909090909,-7.532738095238095,1.4375,-0.6909090909090909,-0.18711656441717792,-6.56359649122807,-1.033112582781457
2021-06-09,-5.183783783783784,-3.8041666666666667,0.3591549295774648,-5.616071428571429,0.86875,-0.08689024390243902,0.42746913580246915,-6.565789473684211,-1.0347682119205297
2021-06-10,-4.538770053475936,-4.343922651933702,-0.16901408450704225,-7.321428571428571,0.6951219512195121,-0.5442073170731707,-0.14969135802469136,-6.452173913043478,-2.088235294117647
2021-06-11,-4.354497354497354,-4.430327868852459,-0.16901408450704225,-7.321428571428571,0.6951219512195121,-0.6852409638554217,-0.2972560975609756,-6.4655172413793105,-2.2193548387096773
2021-06-12,-4.354497354497354,-4.430327868852459,-0.16901408450704225,-7.321428571428571,0.6951219512195121,-0.6852409638554217,-0.2972560975609756,-6.4655172413793105,-2.2193548387096773
2021-06-13,-5.327540106951871,-4.7751396648044695,-0.4927536231884058,-7.321428571428571,1.15,-0.9737654320987654,-0.5796875,-6.1415929203539825,-2.7039473684210527
2021-06-14,-5.1,-4.123611111111111,0.17142857142857143,-7.322289156626506,0.8841463414634146,-1.138719512195122,-0.6956521739130435,-6.030973451327434,-2.692434210526316
2021-06-15,-4.925271739130435,-3.9805555555555556,0.39568345323741005,-7.159883720930233,1.225609756097561,-0.9817073170731707,-0.5357142857142857,-5.642857142857143,-2.523026315789474
2021-06-16,-3.278688524590164,-3.423611111111111,0.8568840579710145,-6.677710843373494,1.225609756097561,-0.5451807228915663,-0.09662576687116564,-5.672566371681416,-2.084967320261438
2021-06-17,-2.0724043715846996,-2.980769230769231,1.5485611510791366,-6.625,3.1686046511627906,0.038922155688622756,0.4954268292682927,-5.699115044247788,-1.582258064516129
2021-06-18,-2.1662162162162164,-3.0491803278688523,1.4267857142857143,-6.731927710843373,2.7443181818181817,-0.05357142857142857,0.3984848484848485,-5.785087719298246,-1.671474358974359
2021-06-19,-2.1073369565217392,-2.9945054945054945,1.5305755395683454,-6.655487804878049,2.7443181818181817,0.023952095808383235,0.4801829268292683,-5.721238938053097,-1.5983870967741935
2021-06-20,-1.9052197802197801,-2.8,1.7264492753623188,-6.655487804878049,2.7443181818181817,0.2727272727272727,0.7391975308641975,-5.454954954954955,-1.3513071895424837
2021-06-21,-2.941666666666667,-3.9887640449438204,0.09259259259259259,-7.196875,-0.7784090909090909,-1.0777439024390243,-0.6335403726708074,-6.022935779816514,-2.7334437086092715
2021-06-22,-3.6983240223463687,-3.9985714285714287,-0.5462962962962963,-6.224025974025974,-2.6569767441860463,-0.4104938271604938,0.05188679245283019,-6.546728971962617,-3.6925675675675675
2021-06-23,-4.011173184357542,-4.3185714285714285,-0.14444444444444443,-5.474025974025974,-2.471590909090909,-0.7561728395061729,-0.300314465408805,-7.6782407407407405,-4.406040268456376
2021-06-24,-3.7005649717514126,-4.004310344827586,-0.5056390977443609,-6.3618421052631575,-4.446428571428571,-0.5277777777777778,-0.06761006289308176,-7.1985981308411215,-4.037162162162162
2021-06-25,-3.543296089385475,-3.944602272727273,-0.6074074074074074,-6.166666666666667,-4.761627906976744,-0.5060975609756098,-0.05124223602484472,-7.1985981308411215,-4.130872483221476
2021-06-26,-3.543296089385475,-3.944602272727273,-0.6074074074074074,-6.166666666666667,-4.761627906976744,-0.5060975609756098,-0.05124223602484472,-7.1985981308411215,-4.130872483221476
2021-06-27,-4.362994350282486,-3.6293103448275863,-0.14473684210526316,-5.60064935064935,-3.6904761904761907,-0.125,0.34276729559748426,-6.961904761904762,-3.760204081632653
2021-06-28,-3.9389204545454546,-2.6907514450867054,1.1117424242424243,-4.93,-3.2560975609756095,0.90527950310559,1.3955696202531647,-6.8238095238095235,-3.607876712328767
2021-06-29,-2.930635838150289,-2.059593023255814,1.8125,-3.56,-3.2560975609756095,1.60625,2.1130573248407645,-6.833333333333333,-2.8655172413793104
2021-06-30,-2.300578034682081,-1.7251461988304093,2.4634615384615386,-3.195945945945946,-2.575,1.9889937106918238,2.5064102564102564,-6.686893203883495,-2.339160839160839
2021-07-01,-2.2951977401129944,-1.6091954022988506,2.8740458015267176,-2.8766233766233764,-3.5833333333333335,2.044753086419753,2.1740506329113924,-6.711538461538462,-2.1883561643835616
2021-07-02,-2.316011235955056,-1.6342857142857143,2.8068181818181817,-2.8766233766233764,-3.5833333333333335,1.9953987730061349,2.1226415094339623,-6.704761904761905,-2.2142857142857144
2021-07-03,-2.2951977401129944,-1.6091954022988506,2.8068181818181817,-2.8766233766233764,-3.5833333333333335,2.044753086419753,2.1740506329113924,-6.711538461538462,-2.1883561643835616
2021-07-04,-2.0171428571428573,-1.3488372093023255,2.8068181818181817,-2.8766233766233764,-3.5833333333333335,2.3703125,2.5096153846153846,-6.631067961165049,-1.8854166666666667
2021-07-05,-2.0568181818181817,-2.1141618497109826,1.8579545454545454,-2.8417721518987342,-3.5833333333333335,1.6589506172839505,1.7784810126582278,-6.632075471698113,-2.863793103448276
2021-07-06,-1.96045197740113,-1.8959537572254335,2.143939393939394,-2.703125,-2.69375,1.8919753086419753,2.017405063291139,-6.5476190476190474,-2.339788732394366
2021-07-07,-1.3072625698324023,-1.2285714285714286,2.9458955223880596,-1.084375,-2.69375,2.651840490797546,2.7955974842767297,-5.598130841121495,-1.5402097902097902
2021-07-08,-0.8652777777777778,-1.2571428571428571,2.9458955223880596,-0.9145569620253164,-3.1036585365853657,2.621165644171779,2.7641509433962264,-5.644859813084112,-1.5751748251748252
2021-07-09,-0.36675824175824173,-0.7401129943502824,3.556985294117647,-0.9145569620253164,-0.6488095238095238,3.128787878787879,3.282608695652174,-4.724770642201835,-0.9396551724137931
2021-07-10,-0.36675824175824173,-0.7401129943502824,3.556985294117647,-0.9145569620253164,-0.6488095238095238,3.128787878787879,3.282608695652174,-4.724770642201835,-0.9396551724137931
2021-07-11,0.011235955056179775,-0.3598265895953757,3.8796992481203008,-0.10197368421052631,-0.6488095238095238,3.6335403726708075,3.6693037974683542,-4.675233644859813,-0.6602112676056338
2021-07-12,-0.17372881355932204,-0.47109826589595377,3.5261194029850746,0.049342105263157895,-0.23780487804878048,3.5139751552795033,3.5474683544303796,-4.71933962264151,-0.5285714285714286
2021-07-13,0.09691011235955056,-0.44476744186046513,3.3759259259259258,0.22,-0.23780487804878048,3.5671875,3.6019108280254777,-4.697619047619048,-0.6560283687943262
2021-07-14,-0.7248603351955307,-1.130057803468208,2.6,-0.33666666666666667,-0.23780487804878048,2.8059006211180124,2.8259493670886076,-4.540865384615385,-1.0336879432624113
2021-07-15,0.054775280898876406,-1.152046783625731,2.8045112781954886,-0.13356164383561644,-0.23780487804878048,2.8317610062893084,2.8525641025641026,-4.609223300970874,-1.198943661971831
2021-07-16,-0.2969613259668508,-1.4971264367816093,2.275735294117647,-0.42,-0.7906976744186046,2.3873456790123457,2.615506329113924,-4.818396226415095,-1.6120689655172413
2021-07-17,-0.2969613259668508,-1.4971264367816093,2.275735294117647,-0.42,-0.5297619047619048,2.3873456790123457,2.615506329113924,-4.818396226415095,-1.6120689655172413
2021-07-18,-0.1005586592178771,-1.306686046511628,2.576492537313433,-0.20608108108108109,-0.5297619047619048,2.5031055900621118,2.7356687898089174,-4.70952380952381,-1.3846153846153846
2021-07-19,-1.9594972067039107,-1.6584302325581395,3.0703703703703704,-0.678082191780822,-1.4404761904761905,2.127329192546584,2.5,-4.400485436893204,-1.8076923076923077
2021-07-20,-2.8435754189944134,-2.458092485549133,2.4003759398496243,-2.076388888888889,-3.9146341463414633,1.471875,2.021103896103896,-4.235294117647059,-2.6660839160839163
2021-07-21,-2.6033519553072626,-2.0959302325581395,2.556390977443609,-1.619718309859155,-4.063953488372093,1.80625,2.3685064935064934,-4.215686274509804,-2.589160839160839
2021-07-22,-3.106741573033708,-2.365606936416185,2.314814814814815,-1.952054794520548,-4.295454545454546,1.4922360248447204,2.0387096774193547,-4.476190476190476,-2.9097222222222223
2021-07-23,-3.1634078212290504,-2.42816091954023,2.238970588235294,-2.0337837837837838,-4.295454545454546,1.4012345679012346,1.9407051282051282,-4.558962264150943,-2.981034482758621
2021-07-24,-3.1634078212290504,-2.42816091954023,2.238970588235294,-2.0337837837837838,-4.295454545454546,1.4012345679012346,1.9407051282051282,-4.558962264150943,-2.981034482758621
2021-07-25,-2.7400568181818183,-2.0450581395348837,2.542910447761194,-1.4931506849315068,-4.472222222222222,1.5590062111801242,2.108064516129032,-4.627358490566038,-2.8350694444444446
2021-07-26,-3.4096045197740112,-2.778735632183908,1.4222222222222223,-1.54,-4.420212765957447,0.7315950920245399,1.1898734177215189,-5.678571428571429,-3.636206896551724
2021-07-27,-4.255586592178771,-2.9098837209302326,1.3157894736842106,-1.7804054054054055,-4.340425531914893,0.6350931677018633,1.0961538461538463,-5.584951456310679,-3.8559027777777777
2021-07-28,-3.974860335195531,-2.9508670520231215,1.606060606060606,-1.547945205479452,-5.291666666666667,0.3389570552147239,0.7848101265822784,-5.584951456310679,-3.431338028169014
2021-07-29,-4.666201117318436,-3.0330459770114944,1.4642857142857142,-1.702054794520548,-6.047872340425532,0.23170731707317074,0.6713836477987422,-5.990384615384615,-3.5052083333333335
2021-07-30,-4.2154696132596685,-2.5880681818181817,2.199626865671642,-1.9087837837837838,-6.047872340425532,0.6641566265060241,1.2921875,-6.095238095238095,-3.7636986301369864
2021-07-31,-4.2154696132596685,-2.5880681818181817,2.199626865671642,-1.9087837837837838,-6.047872340425532,0.6641566265060241,1.3364779874213837,-6.0985576923076925,-3.7636986301369864
2021-08-01,-4.60754189944134,-2.4814285714285713,2.3759398496240602,-1.643835616438356,-6.047872340425532,0.796969696969697,1.5636942675159236,-6.109223300970874,-3.7636986301369864
2021-08-02,-3.405027932960894,-2.2073863636363638,2.3152985074626864,-3.2195945945945947,-5.782608695652174,0.07981927710843373,0.8471337579617835,-6.166666666666667,-3.8361486486486487
2021-08-03,-3.4452247191011236,-2.9002808988764044,1.4664179104477613,-4.954545454545454,-5.968085106382978,-0.6815476190476191,0.125,-6.238207547169812,-4.028523489932886
2021-08-04,-3.153735632183908,-3.151129943502825,1.1654135338345866,-5.570945945945946,-5.6861702127659575,-1.0818452380952381,-0.30063291139240506,-6.102803738317757,-4.190068493150685
2021-08-05,-2.527142857142857,-2.522346368715084,1.1796296296296296,-5.2006578947368425,-8.26595744680851,-1.2263313609467457,-0.4591194968553459,-6.126146788990826,-4.275510204081633
2021-08-06,-2.6508379888268156,-2.58879781420765,0.8858695652173914,-4.941558441558442,-8.26595744680851,-1.244186046511628,-0.49228395061728397,-6.115909090909091,-4.309602649006623
2021-08-07,-2.6508379888268156,-2.58879781420765,0.8858695652173914,-4.941558441558442,-8.26595744680851,-1.244186046511628,-0.49228395061728397,-6.115909090909091,-4.309602649006623
2021-08-08,-1.6685714285714286,-2.2069444444444444,1.1764705882352942,-4.266891891891892,-7.891304347826087,-0.9588235294117647,-0.1796875,-5.756944444444445,-3.8800675675675675
2021-08-09,-0.9815340909090909,-1.5359116022099448,1.436131386861314,-3.026315789473684,-7.425531914893617,-0.7383040935672515,0.049689440993788817,-5.802752293577981,-2.8640939597315436
2021-08-10,-2.1123595505617976,-2.4423076923076925,0.3978102189781022,-3.1346153846153846,-7.51,-1.885174418604651,-1.1728395061728396,-6.527272727272727,-3.5371621621621623
2021-08-11,-2.946327683615819,-3.095833333333333,-0.7111111111111111,-3.4525316455696204,-7.916666666666667,-2.8625730994152048,-2.2065217391304346,-7.527522935779817,-4.420608108108108
2021-08-12,-1.3177966101694916,-2.541899441340782,-0.29814814814814816,-3.824074074074074,-8.201923076923077,-2.732456140350877,-2.0683229813664594,-7.372685185185185,-4.124149659863946
2021-08-13,-1.5279329608938548,-2.506868131868132,-0.40145985401459855,-3.6128048780487805,-8.169811320754716,-2.692528735632184,-2.038109756097561,-7.372727272727273,-4.05
2021-08-14,-1.5279329608938548,-2.506868131868132,-0.40145985401459855,-3.6128048780487805,-8.169811320754716,-2.692528735632184,-2.038109756097561,-7.372727272727273,-4.05
2021-08-15,-2.0720338983050848,-3.0527777777777776,-1.1783088235294117,-3.34375,-7.926470588235294,-3.265988372093023,-2.638888888888889,-7.286697247706422,-4.61734693877551
2021-08-16,-1.1779661016949152,-2.994413407821229,-0.8666666666666667,-3.5,-7.926470588235294,-3.379360465116279,-2.759259259259259,-7.076388888888889,-4.75
2021-08-17,-1.1091954022988506,-2.1957142857142857,-0.011363636363636364,-3.375,-5.705882352941177,-2.9955621301775146,-2.339622641509434,-5.845794392523365,-4.548275862068966
2021-08-18,-0.8318713450292398,-2.6364942528735633,-0.8484848484848485,-2.9512987012987013,-7.82,-3.456845238095238,-2.8259493670886076,-5.888888888888889,-5.097222222222222
2021-08-19,0.059322033898305086,-1.5139664804469273,-0.05514705882352941,-3.1298701298701297,-8.117647058823529,-2.264450867052023,-1.5797546012269938,-5.656818181818182,-3.535472972972973
2021-08-20,-0.05337078651685393,-1.6166666666666667,-0.20072992700729927,-3.1298701298701297,-8.117647058823529,-2.264450867052023,-1.5797546012269938,-5.786036036036036,-3.6459731543624163
2021-08-21,0.018361581920903956,-1.5544692737430168,-0.20072992700729927,-3.1298701298701297,-8.117647058823529,-2.203488372093023,-1.5108024691358024,-5.722727272727273,-3.5844594594594597
2021-08-22,0.324438202247191,-1.2013888888888888,-0.32857142857142857,-2.14,-8.047169811320755,-1.805232558139535,-1.087962962962963,-5.734513274336283,-3.433333333333333
2021-08-23,0.17837078651685392,-1.2847222222222223,-0.3579136690647482,-2.1546052631578947,-8.047169811320755,-1.8924418604651163,-1.1805555555555556,-5.663716814159292,-3.4321192052980134
2021-08-24,0.2053072625698324,-1.1805555555555556,-0.22302158273381295,-2.237012987012987,-7.745283018867925,-1.7834302325581395,-1.0648148148148149,-5.676086956521739,-3.3273026315789473
2021-08-25,0.2125,-1.1740331491712708,-0.22142857142857142,-1.9519230769230769,-7.447115384615385,-1.773121387283237,-1.0582822085889572,-5.55,-3.4084967320261437
2021-08-26,0.18406593406593408,-1.1871584699453552,-0.14716312056737588,-2.405844155844156,-8.322115384615385,-1.78,-1.0742424242424242,-5.421052631578948,-3.108064516129032
2021-08-27,-0.13378378378378378,-1.456989247311828,-0.29545454545454547,-2.8955696202531644,-8.358490566037736,-1.88135593220339,-1.1901197604790419,-5.512931034482759,-3.3892405063291138
2021-08-28,-0.13378378378378378,-1.456989247311828,-0.29545454545454547,-2.8955696202531644,-8.358490566037736,-1.88135593220339,-1.1901197604790419,-5.512931034482759,-3.3892405063291138
2021-08-29,-0.30601092896174864,-1.641304347826087,-0.6232394366197183,-3.003205128205128,-8.656862745098039,-2.08,-1.3924242424242423,-5.5,-3.423076923076923
2021-08-30,0.5321229050279329,-1.9805555555555556,-1.1267857142857143,-4.340909090909091,-8.656862745098039,-2.4473684210526314,-1.845679012345679,-5.322368421052632,-3.856907894736842
2021-08-31,0.7923728813559322,-2.001388888888889,-0.9712230215827338,-4.674050632911392,-8.656862745098039,-2.469298245614035,-1.8688271604938271,-5.3201754385964914,-4.003267973856209
2021-09-01,1.0568181818181819,-1.9041666666666666,-0.9946043165467626,-4.30379746835443,-8.830188679245284,-2.3669590643274856,-1.7608024691358024,-5.348684210526316,-4.112012987012987
2021-09-02,1.1647058823529413,-1.5971428571428572,0.12316176470588236,-3.132911392405063,-8.692307692307692,-2.0,-1.3575949367088607,-4.220982142857143,-3.1333333333333333
2021-09-03,0.8837209302325582,-1.8389830508474576,-0.21195652173913043,-3.290625,-8.768867924528301,-2.2485207100591715,-1.628125,-4.220982142857143,-3.1333333333333333
2021-09-04,0.8837209302325582,-1.8389830508474576,-0.21195652173913043,-3.290625,-8.768867924528301,-2.2485207100591715,-1.628125,-4.220982142857143,-3.1333333333333333
2021-09-05,1.0514705882352942,-1.707142857142857,-0.10036496350364964,-3.290625,-8.639423076923077,-2.1152694610778444,-1.4794303797468353,-4.054545454545455,-2.9949324324324325
2021-09-06,1.0970588235294119,-1.2078488372093024,0.5165441176470589,-2.6375,-7.063725490196078,-1.5990853658536586,-0.9209677419354839,-3.4977272727272726,-2.8137931034482757
2021-09-07,1.373546511627907,-0.9857142857142858,0.552158273381295,-3.3132530120481927,-6.46078431372549,-1.3592814371257484,-0.8623417721518988,-3.283482142857143,-2.889455782312925
2021-09-08,-0.0043859649122807015,-1.1734104046242775,1.7043795620437956,-1.5873493975903614,-6.465,-0.6867469879518072,-0.1449044585987261,-3.2387387387387387,-1.6770833333333333
2021-09-09,0.3669590643274854,-0.5158959537572254,2.3219424460431655,-0.5,-4.377450980392157,-0.0015060240963855422,0.5796178343949044,-2.341517857142857,-0.8871527777777778
2021-09-10,0.13352272727272727,-0.7219101123595506,1.96875,-0.5,-4.4326923076923075,-0.06911764705882353,0.4669811320754717,-2.2891304347826087,-1.1208053691275168
2021-09-11,0.13352272727272727,-0.7219101123595506,1.96875,-0.5,-4.4326923076923075,-0.06911764705882353,0.4669811320754717,-2.2891304347826087,-1.1208053691275168
2021-09-12,0.41761363636363635,-1.2357954545454546,1.369718309859155,-0.5,-4.326923076923077,0.19940476190476192,0.694620253164557,-2.212719298245614,-1.1124161073825503
2021-09-13,0.26420454545454547,-1.3257142857142856,1.117132867132867,-0.42073170731707316,-4.495098039215686,0.11377245508982035,0.606687898089172,-2.5482456140350878,-1.2179054054054055
2021-09-14,-0.22869318181818182,-1.8214285714285714,1.1013986013986015,-1.447674418604651,-5.8584905660377355,-0.405688622754491,0.054140127388535034,-2.574561403508772,-1.532312925170068
2021-09-15,0.16285714285714287,-1.9375,0.2867132867132867,-1.6136363636363635,-8.432692307692308,-0.6701183431952663,-0.3069620253164557,-1.5745614035087718,-2.3639455782312924
2021-09-16,1.2028571428571428,-0.9930939226519337,0.6955782312925171,-0.8777173913043478,-6.3584905660377355,0.3851744186046512,0.90625,-0.6782608695652174,-1.13
2021-09-17,0.7053072625698324,-1.53125,0.5709459459459459,-1.0591397849462365,-6.3584905660377355,0.28034682080924855,0.7903726708074534,-0.6782608695652174,-1.669407894736842
2021-09-18,0.7053072625698324,-1.53125,0.5709459459459459,-1.0591397849462365,-6.3584905660377355,0.28034682080924855,0.7903726708074534,-0.6782608695652174,-1.669407894736842
2021-09-19,1.047752808988764,-0.7376373626373627,1.0393835616438356,-1.164835164835165,-3.4339622641509435,1.1461988304093567,1.7279874213836477,-0.7566371681415929,-0.7083333333333334
2021-09-20,0.5210674157303371,-0.9711538461538461,0.2847222222222222,-2.489010989010989,-3.4326923076923075,0.8976608187134503,1.4606918238993711,-1.1327433628318584,-0.3228476821192053
2021-09-21,0.9176136363636364,-0.6,0.5211267605633803,-2.2134831460674156,-3.035,0.7276785714285714,1.2884615384615385,-0.8941441441441441,0.1342281879194631
2021-09-22,0.2714285714285714,-1.2247191011235956,0.375,-2.175287356321839,-3.035,0.07379518072289157,0.5909090909090909,-1.9197247706422018,-0.6122448979591837
2021-09-23,-0.5323033707865169,-1.2307692307692308,-0.18229166666666666,-2.586206896551724,-1.0865384615384615,-0.5547337278106509,-0.09554140127388536,-2.184684684684685,-0.4967105263157895
2021-09-24,-0.6402777777777777,-0.2418478260869565,0.36724137931034484,-0.5112359550561798,-1.0865384615384615,0.5014619883040936,0.32547169811320753,-2.184684684684685,-0.7107843137254902
2021-09-25,-0.6402777777777777,-0.2418478260869565,0.36724137931034484,-0.5112359550561798,-1.0865384615384615,0.5014619883040936,0.32547169811320753,-2.184684684684685,-0.7107843137254902
2021-09-26,-0.41201117318435754,-0.7472677595628415,-0.2708333333333333,-0.5112359550561798,-1.0865384615384615,-0.03823529411764706,-0.2563291139240506,-2.259009009009009,-0.6601307189542484
2021-09-27,-1.9107142857142858,-1.8932432432432433,-1.3090277777777777,-1.25,-1.0865384615384615,-1.0494186046511629,-1.340625,-2.184090909090909,-2.029032258064516
2021-09-28,-2.25,-2.227272727272727,-1.398972602739726,-2.3333333333333335,-1.0865384615384615,-1.418103448275862,-1.295031055900621,-0.5558035714285714,-2.5474683544303796
2021-09-29,-2.8152173913043477,-2.7459893048128343,-2.2857142857142856,-2.577777777777778,-1.2745098039215685,-1.9248554913294798,-1.4425465838509317,1.125,-3.161392405063291
2021-09-30,-2.692513368983957,-3.205026455026455,-2.8741610738255035,-2.8983516483516483,-1.4471153846153846,-2.1206896551724137,-1.6558641975308641,1.087719298245614,-3.6984375
2021-10-01,-1.6653439153439153,-2.2862694300518136,-3.2334437086092715,-0.6854838709677419,-1.4471153846153846,-1.7203389830508475,-1.2348484848484849,0.8673913043478261,-3.8260869565217392
2021-10-02,-1.6653439153439153,-2.2862694300518136,-3.2334437086092715,-0.6854838709677419,-1.4471153846153846,-1.7203389830508475,-1.2348484848484849,0.8673913043478261,-3.8260869565217392
2021-10-03,-1.5445945945945947,-2.181216931216931,-3.160472972972973,-0.46944444444444444,-1.4471153846153846,-1.592485549132948,-1.0854037267080745,1.15990990990991,-3.768987341772152
2021-10-04,-0.553475935828877,-2.9677835051546393,-3.9029605263157894,-0.7359550561797753,-4.654545454545454,-2.466292134831461,-1.663109756097561,0.4269911504424779,-4.245341614906832
2021-10-05,-0.8085106382978723,-3.443298969072165,-4.269736842105263,-1.7557471264367817,-4.654545454545454,-3.0391061452513966,-2.2893939393939395,0.4799107142857143,-4.687888198757764
2021-10-06,-1.768041237113402,-3.5425,-4.164012738853503,-2.039772727272727,-4.818181818181818,-2.949453551912568,-2.210059171597633,-0.18478260869565216,-4.581325301204819
2021-10-07,-2.439432989690722,-4.19375,-4.903846153846154,-2.386111111111111,-6.931818181818182,-3.66120218579235,-2.945266272189349,-1.2652173913043478,-5.365963855421687
2021-10-08,-2.3718274111675126,-4.075123152709359,-5.094936708860759,-1.9065934065934067,-6.071428571428571,-3.5403225806451615,-3.2107558139534884,-1.4978632478632479,-5.202662721893491
2021-10-09,-2.3718274111675126,-4.075123152709359,-5.094936708860759,-1.9065934065934067,-6.071428571428571,-3.5403225806451615,-3.2107558139534884,-1.4978632478632479,-5.202662721893491
2021-10-10,-1.958762886597938,-3.78643216080402,-4.748376623376624,-1.6910112359550562,-6.071428571428571,-3.212912087912088,-2.8482142857142856,-1.3239130434782609,-5.0568862275449105
2021-10-11,-1.8445595854922279,-3.241206030150754,-4.723856209150327,-0.5796703296703297,-4.2105263157894735,-3.1837016574585637,-2.81437125748503,-1.1600877192982457,-4.407185628742515
2021-10-12,-0.9677835051546392,-2.52375,-3.699675324675325,1.733695652173913,-4.655172413793103,-2.3956043956043955,-1.962797619047619,-1.6831896551724137,-4.020710059171598
2021-10-13,-1.5438144329896908,-2.5696517412935322,-3.8846153846153846,1.3111702127659575,-4.655172413793103,-2.273480662983425,-1.8278443113772456,-1.4847826086956522,-4.190828402366864
2021-10-14,-0.9468911917098446,-1.7738693467336684,-3.6103896103896105,2.6344086021505375,-4.388392857142857,-1.3854748603351956,-1.0451807228915662,-1.3119469026548674,-3.2619760479041915
2021-10-15,-0.45489690721649484,-1.2925,-3.3503184713375798,3.6117021276595747,-2.6535087719298245,-0.8527777777777777,-0.47305389221556887,-1.5668103448275863,-2.6800595238095237
2021-10-16,-0.45489690721649484,-1.2925,-3.3503184713375798,3.6117021276595747,-2.6535087719298245,-0.8527777777777777,-0.47305389221556887,-1.5668103448275863,-2.6800595238095237
2021-10-17,0.2238219895287958,-0.9885786802030457,-3.675324675324675,3.8763440860215055,-2.482142857142857,-0.5070621468926554,-0.2196969696969697,-1.4739130434782608,-2.3424242424242423
2021-10-18,1.1822916666666667,-0.82375,-3.1634615384615383,4.898936170212766,-0.9310344827586207,-0.19444444444444445,0.3158682634730539,-1.7286324786324787,-1.7425149700598803
2021-10-19,2.0907894736842105,-0.06658291457286432,-2.985483870967742,5.204301075268817,0.07727272727272727,0.6508379888268156,1.230421686746988,-0.8220338983050848,-1.5677710843373494
2021-10-20,2.643979057591623,0.30303030303030304,-2.9123376623376624,5.6208791208791204,-0.15454545454545454,1.0660112359550562,1.6818181818181819,-0.6056034482758621,-1.3517964071856288
2021-10-21,2.1435897435897435,0.79625,-2.2870967741935484,6.733695652173913,-0.45982142857142855,1.6055555555555556,2.2559880239520957,-0.7542735042735043,-1.3675595238095237
2021-10-22,2.35678391959799,1.0306372549019607,-1.9088050314465408,6.422043010752688,1.0344827586206897,1.9795081967213115,2.0710059171597632,-1.1145833333333333,-1.0392441860465116
2021-10-23,2.4305555555555554,1.0960591133004927,-1.9088050314465408,6.625,1.2675438596491229,2.0576923076923075,2.15625,-1.0210084033613445,-0.9736842105263158
2021-10-24,2.6804123711340204,1.3128140703517588,-1.5881410256410255,6.844444444444444,1.4318181818181819,2.321629213483146,2.4451219512195124,-0.9216101694915254,-0.8363095238095238
2021-10-25,2.690051020408163,1.4738805970149254,-1.0432692307692308,6.299450549450549,0.759090909090909,2.9873595505617976,3.167682926829268,-0.10294117647058823,-1.0754437869822486
2021-10-26,3.9396984924623117,2.7107843137254903,0.1015625,6.669270833333333,4.008928571428571,4.444444444444445,4.168181818181818,1.3556910569105691,-0.02745664739884393
2021-10-27,3.650497512437811,2.202439024390244,-0.5295031055900621,5.770618556701031,3.412280701754386,3.8591160220994474,3.5316265060240966,1.5227272727272727,-0.1002906976744186
2021-10-28,2.9713930348258706,1.5365853658536586,-1.5401234567901234,6.0078125,2.6293103448275863,3.1049723756906076,2.5269461077844313,1.6770833333333333,0.03070175438596491
2021-10-29,2.9215686274509802,1.5084134615384615,-1.8521341463414633,6.25765306122449,3.5791666666666666,3.047554347826087,2.475,1.5268595041322315,0.022988505747126436
2021-10-30,2.9215686274509802,1.5084134615384615,-1.8521341463414633,6.25765306122449,3.5791666666666666,3.047554347826087,2.475,1.5268595041322315,0.022988505747126436
2021-10-31,2.652227722772277,1.6116504854368932,-2.45679012345679,6.578125,3.5791666666666666,3.181318681318681,2.5636094674556213,1.7058823529411764,0.12936046511627908
2021-11-01,3.295343137254902,2.2267156862745097,-2.458588957055215,8.330645161290322,3.5040983606557377,3.3589385474860336,2.6407185628742513,1.7902542372881356,0.8677325581395349
2021-11-02,3.269704433497537,2.4328358208955225,-2.2875,8.654891304347826,3.658333333333333,3.6136363636363638,2.9009146341463414,1.9353448275862069,0.9005847953216374
2021-11-03,2.767156862745098,2.0725,-2.1289308176100628,9.28370786516854,4.080508474576271,3.2085714285714286,2.4616564417177913,2.0804347826086955,1.0514705882352942
2021-11-04,2.98375,2.2283163265306123,-1.9326923076923077,9.221590909090908,4.080508474576271,3.303779069767442,2.55,2.142543859649123,1.2108433734939759
2021-11-05,2.93407960199005,2.181472081218274,-1.964968152866242,9.221590909090908,4.080508474576271,3.244219653179191,2.4906832298136647,2.0630434782608695,1.1616766467065869
2021-11-06,2.93407960199005,2.181472081218274,-1.964968152866242,9.221590909090908,4.080508474576271,3.244219653179191,2.4906832298136647,2.0630434782608695,1.1616766467065869
2021-11-07,2.5326633165829144,1.764102564102564,-2.011290322580645,8.438953488372093,3.9094827586206895,3.263157894736842,2.501572327044025,2.175438596491228,0.48484848484848486
2021-11-08,2.663659793814433,1.9646596858638743,-2.004934210526316,8.408823529411764,4.066964285714286,3.363095238095238,2.594551282051282,2.4144144144144146,0.254601226993865
2021-11-09,1.8851010101010102,1.7731958762886597,-2.2175324675324677,7.514044943820225,4.654545454545454,3.3397058823529413,2.579113924050633,2.5704545454545453,0.21212121212121213
2021-11-10,0.36683417085427134,1.1538461538461537,-2.5947712418300655,8.112068965517242,5.162037037037037,2.624269005847953,1.8144654088050314,2.7247706422018347,0.051515151515151514
2021-11-11,0.93,1.623076923076923,-1.896103896103896,8.049418604651162,5.382075471698113,3.0779411764705884,2.2974683544303796,2.913551401869159,0.6733128834355828
2021-11-12,0.5173267326732673,1.3914141414141414,-2.121019108280255,7.317415730337078,5.382075471698113,2.78757225433526,2.0,2.4613636363636364,0.5015151515151515
2021-11-13,0.6293532338308457,1.5101522842639594,-1.9935897435897436,7.317415730337078,5.382075471698113,2.931686046511628,2.15,2.4613636363636364,0.5015151515151515
2021-11-14,0.21085858585858586,1.8333333333333333,-1.9387096774193548,7.963068181818182,5.382075471698113,3.3191176470588237,2.5569620253164556,2.580275229357798,0.8757668711656442
2021-11-15,-0.3560606060606061,1.2576923076923077,-2.662903225806452,7.735955056179775,3.5625,2.6588235294117646,1.8465189873417722,1.5504587155963303,0.18711656441717792
2021-11-16,-0.4025,1.1760204081632653,-2.7403846153846154,7.065934065934066,3.5625,2.557017543859649,1.7421383647798743,1.5779816513761469,0.09603658536585366
2021-11-17,-1.6071428571428572,-0.03125,-3.531045751633987,7.4,4.083333333333333,1.1946107784431137,0.2532258064516129,1.4883177570093458,-1.513975155279503
2021-11-18,-1.7283163265306123,-0.06865284974093264,-3.5551948051948052,7.4,4.083333333333333,1.0192307692307692,0.07643312101910828,1.4074074074074074,-1.5493827160493827
2021-11-19,-1.8580402010050252,-0.13144329896907217,-3.611290322580645,7.4,3.769230769230769,0.9411764705882353,-0.0015822784810126582,1.2821100917431192,-1.6150306748466257
2021-11-20,-1.7206632653061225,-0.03664921465968586,-3.5608552631578947,7.4,4.17,1.0238095238095237,0.07532051282051282,1.4929245283018868,-1.5296875
2021-11-21,-1.5786082474226804,0.06878306878306878,-3.5264900662251657,7.795454545454546,4.17,1.1566265060240963,0.20616883116883117,1.5904761904761904,-1.4224683544303798
2021-11-22,-1.895,-0.02190721649484536,-3.1993464052287583,7.309139784946237,4.321428571428571,1.0926470588235293,0.33814102564102566,2.2382075471698113,-1.4846625766871167
2021-11-23,-1.6237373737373737,-0.4252577319587629,-3.359271523178808,6.577956989247312,4.583333333333333,0.6323529411764706,-0.16346153846153846,1.9386792452830188,-2.0030487804878048
2021-11-24,-1.6616161616161615,-0.0026041666666666665,-3.721476510067114,6.8125,4.99468085106383,1.1631736526946108,0.40032679738562094,1.8183962264150944,-2.2406832298136647
2021-11-25,-1.4668367346938775,0.0234375,-3.751689189189189,7.181318681318682,5.326086956521739,0.9940476190476191,0.28594771241830064,1.7712264150943395,-2.084375
2021-11-26,-0.6905940594059405,0.461734693877551,-3.769867549668874,7.181318681318682,4.877659574468085,1.8299418604651163,0.5865384615384616,1.6074766355140186,-1.7530674846625767
2021-11-27,-0.6905940594059405,0.461734693877551,-3.769867549668874,7.181318681318682,4.877659574468085,1.8299418604651163,0.5865384615384616,1.6074766355140186,-1.7530674846625767
2021-11-28,-1.172029702970297,0.5076923076923077,-3.76006711409396,7.181318681318682,4.479166666666667,1.8903508771929824,0.6451612903225806,1.723809523809524,-1.2652439024390243
2021-11-29,-1.4829268292682927,-0.05739795918367347,-3.9816666666666665,7.383333333333334,3.8979591836734695,1.3698830409356726,0.07096774193548387,1.1214953271028036,-1.45
2021-11-30,-1.8900966183574879,0.17258883248730963,-4.064569536423841,7.700549450549451,4.994897959183674,2.059941520467836,0.832258064516129,0.9583333333333334,-1.7818181818181817
2021-12-01,-2.384433962264151,-0.25125628140703515,-5.848387096774194,5.769230769230769,4.065,1.550578034682081,0.28662420382165604,-0.6454545454545455,-3.0416666666666665
2021-12-02,-3.2895348837209304,-1.2462871287128714,-6.309294871794871,6.008333333333334,2.0096153846153846,0.3778409090909091,-0.9796875,-1.296875,-4.385838150289017
2021-12-03,-3.48868778280543,-1.8604368932038835,-6.9734375,4.911290322580645,1.320754716981132,-0.3611111111111111,-1.6226993865030674,-1.6526548672566372,-5.029661016949152
2021-12-04,-3.48868778280543,-1.8604368932038835,-6.9734375,4.911290322580645,1.320754716981132,-0.3611111111111111,-1.6226993865030674,-1.6526548672566372,-5.029661016949152
2021-12-05,-3.711187214611872,-2.0833333333333335,-7.325949367088608,5.073369565217392,1.2692307692307692,-0.5997191011235955,-1.9021739130434783,-2.0585585585585586,-5.332386363636363
2021-12-06,-3.165158371040724,-1.7107843137254901,-6.662974683544304,5.338068181818182,0.9567307692307693,0.2824858757062147,-0.7546875,-1.3954545454545455,-4.741428571428571
2021-12-07,-3.3034090909090907,-1.6514778325123152,-7.342356687898089,3.065340909090909,0.9567307692307693,-0.6036931818181818,-2.0046875,-1.360091743119266,-5.884285714285714
2021-12-08,-3.618181818181818,-1.9926108374384237,-7.6449044585987265,1.6436781609195403,-1.2692307692307692,-0.9971590909090909,-2.4375,-2.3449074074074074,-6.646551724137931
2021-12-09,-3.806451612903226,-2.1725,-7.988636363636363,1.6436781609195403,-1.7163461538461537,-1.2514367816091954,-2.66875,-2.4023809523809523,-6.6109467455621305
2021-12-10,-4.051801801801802,-1.3609756097560977,-8.072115384615385,3.561111111111111,0.125,-0.9115168539325843,-2.2652439024390243,-2.9518348623853212,-6.13728323699422
2021-12-11,-4.050904977375565,-1.3468137254901962,-8.096774193548388,3.561111111111111,0.20754716981132076,-0.8926553672316384,-2.253067484662577,-2.939814814814815,-6.148255813953488
2021-12-12,-3.908256880733945,-1.2091584158415842,-8.00326797385621,3.561111111111111,0.20754716981132076,-0.7285714285714285,-2.091614906832298,-2.707547169811321,-6.041176470588235
2021-12-13,-2.2255813953488373,-1.1305418719211822,-7.633116883116883,3.1676136363636362,0.20192307692307693,-0.640625,-1.4922360248447204,-1.6985981308411215,-6.115384615384615
2021-12-14,-2.529816513761468,-1.036764705882353,-7.6022727272727275,3.3333333333333335,1.0294117647058822,-0.5353107344632768,-1.2929447852760736,-2.908256880733945,-5.348529411764706
2021-12-15,-4.280133928571429,-2.596813725490196,-8.215,1.3563218390804597,-2.075,-1.6694915254237288,-2.5945121951219514,-3.877314814814815,-7.4941176470588236
2021-12-16,-4.589285714285714,-2.145121951219512,-8.016339869281046,1.2729885057471264,-2.701923076923077,-1.5069832402234637,-2.408132530120482,-4.283783783783784,-6.257309941520468
2021-12-17,-4.134868421052632,-1.6961722488038278,-7.519354838709678,1.0666666666666667,-2.1527777777777777,-1.1533149171270718,-2.0163690476190474,-4.283783783783784,-5.435344827586207
2021-12-18,-4.593612334801762,-2.1850961538461537,-7.519354838709678,1.0666666666666667,-4.080188679245283,-1.7152777777777777,-2.627245508982036,-4.283783783783784,-6.044797687861272
2021-12-19,-4.662946428571429,-2.525485436893204,-7.503225806451613,1.3089887640449438,-4.080188679245283,-2.103932584269663,-3.0575757575757576,-4.011363636363637,-6.5
2021-12-20,-4.84070796460177,-2.5853365384615383,-7.993630573248407,2.0357142857142856,-2.590909090909091,-1.9511173184357542,-2.8870481927710845,-4.761160714285714,-5.913793103448276
2021-12-21,-4.115638766519824,-1.8086124401913874,-7.6130573248407645,2.227777777777778,-2.590909090909091,-0.6494413407821229,-2.0984848484848486,-4.547727272727273,-6.180635838150289
2021-12-22,-3.562222222222222,-1.7633495145631068,-7.414516129032258,3.75,-5.712962962962963,-0.00847457627118644,-1.2839506172839505,-4.6840909090909095,-6.202941176470588
2021-12-23,-3.0055555555555555,-2.8106796116504853,-8.020967741935484,1.7729885057471264,-5.712962962962963,-1.2274011299435028,-1.9197530864197532,-4.7725225225225225,-6.184210526315789
2021-12-24,-3.0055555555555555,-2.8106796116504853,-8.020967741935484,1.7729885057471264,-5.712962962962963,-1.2274011299435028,-1.9197530864197532,-4.7725225225225225,-6.184210526315789
2021-12-25,-2.950892857142857,-2.75,-7.974025974025974,1.7729885057471264,-5.712962962962963,-1.1477272727272727,-1.8369565217391304,-4.677272727272728,-6.1308823529411764
2021-12-26,-2.3020361990950224,-2.3251231527093594,-7.722222222222222,1.5416666666666667,-5.712962962962963,-0.860632183908046,-1.5314465408805031,-4.639908256880734,-5.657738095238095
2021-12-27,-2.621559633027523,-2.465,-8.155,2.2560240963855422,-4.790909090909091,-0.9985380116959064,-2.144904458598726,-6.3915094339622645,-5.887878787878788
2021-12-28,-1.068287037037037,-1.9639303482587065,-7.815878378378378,2.2560240963855422,-4.295454545454546,-0.28488372093023256,-1.1863057324840764,-8.337378640776699,-5.260542168674699
2021-12-29,-0.6011627906976744,-1.005,-7.318027210884353,3.8433734939759034,-4.340909090909091,0.5145348837209303,-0.3105095541401274,-7.240384615384615,-4.118181818181818
2021-12-30,-1.3935185185185186,-1.7512562814070352,-6.379251700680272,1.2073170731707317,-4.340909090909091,0.3684210526315789,-0.47596153846153844,-7.199519230769231,-4.092424242424243
2021-12-31,-0.9988532110091743,-1.3196517412935322,-5.660472972972973,1.2073170731707317,-4.340909090909091,0.8453757225433526,0.056962025316455694,-7.29047619047619,-3.5449101796407185
2022-01-01,-0.9988532110091743,-1.3196517412935322,-5.660472972972973,1.2073170731707317,-4.340909090909091,0.8453757225433526,0.056962025316455694,-7.29047619047619,-3.5449101796407185
2022-01-02,-1.6913145539906103,-0.4368556701030928,-4.89612676056338,1.7191358024691359,-1.1153846153846154,1.9683734939759037,0.8104575163398693,-6.647058823529412,-3.006172839506173
2022-01-03,-2.5781990521327014,-0.7135416666666666,-5.650709219858156,1.7191358024691359,-1.5,1.8871951219512195,0.706953642384106,-7.764705882352941,-3.4736024844720497
2022-01-04,-2.6033653846153846,-0.8121693121693122,-5.942028985507246,1.7835365853658536,-0.9807692307692307,1.5230061349693251,0.30333333333333334,-7.235148514851486,-3.8306962025316458
2022-01-05,-3.257142857142857,-1.355263157894737,-6.433453237410072,1.0914634146341464,-0.6813725490196079,1.1840490797546013,-0.105,-7.025252525252525,-4.460691823899371
2022-01-06,-4.265476190476191,-1.6090425531914894,-6.432971014492754,0.1798780487804878,-1.52,0.9192546583850931,0.03547297297297297,-7.135204081632653,-4.6201923076923075
2022-01-07,-5.168632075471698,-1.6090425531914894,-6.432971014492754,0.1798780487804878,-1.52,0.9192546583850931,0.03547297297297297,-7.135204081632653,-4.6201923076923075
2022-01-08,-5.168632075471698,-1.6090425531914894,-6.432971014492754,0.1798780487804878,-1.52,0.9192546583850931,0.03547297297297297,-7.135204081632653,-4.6201923076923075
2022-01-09,-5.1375598086124405,-2.004054054054054,-6.294117647058823,-1.0375,-3.5918367346938775,1.130503144654088,0.2534246575342466,-7.185567010309279,-5.1568627450980395
2022-01-10,-6.822115384615385,-3.467391304347826,-8.15,-3.5681818181818183,-3.316326530612245,-0.4171974522292994,-1.4461805555555556,-6.863157894736842,-6.09375
2022-01-11,-7.342417061611374,-3.614247311827957,-8.403703703703703,-3.18,-3.316326530612245,-0.225,-0.9606164383561644,-7.125,-6.568627450980392
2022-01-12,-7.701190476190476,-4.231182795698925,-8.365671641791044,-4.574324324324325,-3.316326530612245,-0.9421875,-1.7465753424657535,-7.138020833333333,-7.318627450980392
2022-01-13,-8.432783018867925,-4.93716577540107,-8.968045112781954,-6.33,-5.354166666666667,-1.7826086956521738,-2.6615646258503403,-7.045212765957447,-8.155844155844155
2022-01-14,-8.876728110599078,-5.035340314136126,-8.911764705882353,-6.5,-7.485294117647059,-1.725609756097561,-2.5816666666666666,-7.3984375,-8.193037974683545
2022-01-15,-8.876728110599078,-5.035340314136126,-8.911764705882353,-6.5,-7.485294117647059,-1.725609756097561,-2.5816666666666666,-7.3984375,-8.193037974683545
2022-01-16,-9.675233644859814,-5.116935483870968,-9.44548872180451,-7.92,-9.525510204081632,-1.8726415094339623,-3.1598639455782314,-7.158602150537634,-8.766233766233766
2022-01-17,-10.108796296296296,-5.4907407407407405,-8.981617647058824,-7.1613924050632916,-9.755,-2.1024844720496896,-3.390939597315436,-7.830729166666667,-8.377388535031848
2022-01-18,-10.234953703703704,-5.654761904761905,-8.802919708029197,-7.1613924050632916,-9.403061224489797,-1.0667701863354038,-2.271812080536913,-7.773684210526316,-8.435483870967742
2022-01-19,-7.955479452054795,-6.44300518134715,-8.27127659574468,-7.8164556962025316,-11.040816326530612,-1.8125,-2.812913907284768,-7.604838709677419,-7.507911392405063
2022-01-20,-7.638513513513513,-5.625641025641026,-8.212230215827338,-7.8924050632911396,-13.335106382978724,-1.2742424242424242,-1.553921568627451,-6.467741935483871,-6.4984375
2022-01-21,-8.644273127753303,-6.8175,-9.41725352112676,-7.8924050632911396,-14.302083333333334,-2.6893491124260356,-3.070063694267516,-7.377604166666667,-7.916666666666667
2022-01-22,-8.644273127753303,-6.8175,-9.41725352112676,-7.8924050632911396,-14.302083333333334,-2.6893491124260356,-3.070063694267516,-7.377604166666667,-7.916666666666667
2022-01-23,-8.414414414414415,-6.985969387755102,-9.95,-7.4480519480519485,-13.664893617021276,-3.2559880239520957,-3.685483870967742,-8.48404255319149,-7.628086419753086
2022-01-24,-9.445701357466064,-8.01530612244898,-11.0375,-7.733333333333333,-17.22222222222222,-5.031626506024097,-4.8685064935064934,-11.236413043478262,-9.175304878048781
2022-01-25,-9.488888888888889,-7.630653266331659,-9.808098591549296,-6.8141891891891895,-16.916666666666668,-5.254464285714286,-5.110576923076923,-11.712765957446809,-9.887048192771084
2022-01-26,-10.205434782608696,-6.7711442786069655,-8.578125,-6.8141891891891895,-11.28804347826087,-4.883136094674557,-4.711783439490445,-9.358247422680412,-9.028106508875739
2022-01-27,-9.850877192982455,-6.330402010050252,-7.559440559440559,-7.510416666666667,-13.215909090909092,-5.233532934131737,-5.087096774193548,-9.70360824742268,-8.529940119760479
2022-01-28,-9.903191489361703,-6.293689320388349,-7.451666666666667,-7.510416666666667,-12.51595744680851,-4.585755813953488,-4.3953125,-9.403846153846153,-8.397988505747126
2022-01-29,-9.903191489361703,-6.293689320388349,-7.451666666666667,-7.510416666666667,-12.51595744680851,-4.585755813953488,-4.3953125,-9.403846153846153,-8.397988505747126
2022-01-30,-10.34375,-6.742647058823529,-7.386054421768708,-9.024647887323944,-12.727777777777778,-4.489766081871345,-4.290880503144654,-9.29126213592233,-8.954941860465116
2022-01-31,-11.107905982905983,-6.818292682926829,-7.486486486486487,-9.215277777777779,-12.727777777777778,-4.593023255813954,-4.403125,-9.415865384615385,-9.031791907514451
2022-02-01,-10.73611111111111,-6.481796116504855,-7.557823129251701,-8.216666666666667,-12.727777777777778,-4.02906976744186,-3.796875,-8.730952380952381,-8.617142857142857
2022-02-02,-9.26255230125523,-5.889285714285714,-7.20945945945946,-7.688311688311688,-9.122340425531915,-3.25,-2.964723926380368,-7.983796296296297,-8.165730337078651
2022-02-03,-8.159090909090908,-5.338372093023255,-7.653333333333333,-7.310975609756097,-7.209183673469388,-2.5125698324022347,-2.181137724550898,-7.4774774774774775,-7.456284153005464
2022-02-04,-9.383603238866396,-5.289170506912442,-7.552631578947368,-6.018072289156627,-9.065,-2.484806629834254,-2.155325443786982,-6.517857142857143,-6.872282608695652
2022-02-05,-9.383603238866396,-5.289170506912442,-7.552631578947368,-6.018072289156627,-9.065,-2.484806629834254,-2.155325443786982,-6.517857142857143,-6.872282608695652
2022-02-06,-9.26530612244898,-5.195601851851852,-7.433774834437086,-5.780487804878049,-8.729591836734693,-2.3569444444444443,-2.0163690476190474,-6.517857142857143,-6.770491803278689
2022-02-07,-9.899793388429751,-4.8516355140186915,-6.938741721854305,-4.224683544303797,-8.729591836734693,-2.090782122905028,-1.7290419161676647,-5.880434782608695,-6.087016574585635
2022-02-08,-9.49485596707819,-4.1465116279069765,-5.824013157894737,-3.817073170731707,-8.729591836734693,-1.829608938547486,-1.4491017964071857,-6.196581196581197,-6.005524861878453
2022-02-09,-9.637860082304528,-4.3895348837209305,-6.653333333333333,-4.042168674698795,-6.795,-1.3347222222222221,-0.9211309523809523,-5.483193277310924,-6.18956043956044
2022-02-10,-9.154858299595142,-4.247695852534562,-6.684563758389261,-3.68125,-7.421568627450981,-0.9125,-0.46875,-5.3568376068376065,-6.045945945945946
2022-02-11,-9.035,-3.688063063063063,-5.634868421052632,-3.4702380952380953,-3.3679245283018866,-0.34646739130434784,0.12645348837209303,-3.5861344537815127,-5.344736842105263
2022-02-12,-9.035,-3.688063063063063,-5.634868421052632,-3.4702380952380953,-3.3679245283018866,-0.34646739130434784,0.12645348837209303,-3.5861344537815127,-5.344736842105263
2022-02-13,-9.022088353413654,-3.6493212669683257,-5.591059602649007,-3.3644578313253013,-3.3679245283018866,-0.2814207650273224,0.19883040935672514,-3.7521008403361344,-5.308201058201059
2022-02-14,-8.756889763779528,-3.588169642857143,-4.950980392156863,-4.1911764705882355,-2.9545454545454546,0.12432432432432433,0.6271676300578035,-3.7203389830508473,-5.2109375
2022-02-15,-8.3466796875,-3.4059734513274336,-4.956730769230769,-4.272471910112359,-2.9545454545454546,0.45161290322580644,0.9741379310344828,-3.7582644628099175,-4.867875647668394
2022-02-16,-8.195945945945946,-3.0242290748898677,-4.3949044585987265,-3.4175824175824174,-2.9545454545454546,1.064516129032258,1.6293103448275863,-3.6729166666666666,-4.367875647668394
2022-02-17,-8.0968992248062,-2.6524122807017543,-3.679936305732484,-2.2934782608695654,-2.7824074074074074,1.4959893048128343,2.087142857142857,-2.9669421487603307,-3.9239690721649483
2022-02-18,-9.206603773584906,-3.655982905982906,-5.08282208588957,-3.6026315789473684,-4.178571428571429,0.45549738219895286,0.9636871508379888,-3.296747967479675,-4.592171717171717
2022-02-19,-9.206603773584906,-3.655982905982906,-5.08282208588957,-3.6026315789473684,-4.178571428571429,0.45549738219895286,0.9636871508379888,-3.296747967479675,-4.592171717171717
2022-02-20,-9.16147859922179,-3.6651982378854626,-5.4418238993710695,-3.8444444444444446,-4.0181818181818185,0.5378378378378378,0.9014285714285715,-3.899159663865546,-4.637434554973822
2022-02-21,-9.38921568627451,-3.3004484304932737,-5.285031847133758,-3.060344827586207,-4.0181818181818185,1.080110497237569,1.4839181286549707,-3.5538793103448274,-4.223262032085562
2022-02-22,-8.510658914728682,-3.7850877192982457,-4.726851851851852,-4.903846153846154,-4.0181818181818185,0.3409090909090909,0.6892655367231638,-2.9831932773109244,-3.8552631578947367
2022-02-23,-7.199233716475096,-3.2489082969432315,-4.08030303030303,-3.904891304347826,-4.0181818181818185,1.1486486486486487,1.4829545454545454,-1.31875,-2.804973821989529
2022-02-24,-8.753861003861005,-4.673580786026201,-4.774390243902439,-3.904891304347826,-3.800925925925926,-0.9486486486486486,-0.15254237288135594,-1.6549586776859504,-4.18848167539267
2022-02-25,-8.844106463878328,-4.84549356223176,-5.609939759036145,-5.4526315789473685,-3.800925925925926,-1.2394179894179893,-0.47375690607734805,-2.0368852459016393,-4.221354166666667
2022-02-26,-9.14026717557252,-4.84549356223176,-5.557575757575758,-5.4526315789473685,-3.6037735849056602,-1.2394179894179893,-0.47375690607734805,-1.9359504132231404,-4.644736842105263
2022-02-27,-8.92023346303502,-4.2771739130434785,-5.346625766871166,-5.25531914893617,-3.2115384615384617,-0.589572192513369,0.21368715083798884,-1.396186440677966,-4.362299465240642
2022-02-28,-8.983653846153846,-4.380901287553648,-4.912650602409639,-4.904255319148936,-4.6201923076923075,-1.0327225130890052,-0.26639344262295084,-1.0599173553719008,-3.9410994764397906
2022-03-01,-9.53088803088803,-3.260593220338983,-2.12874251497006,-1.1919191919191918,-3.8970588235294117,-0.24083769633507854,0.5601092896174863,0.1125,-3.007936507936508
2022-03-02,-8.039883268482491,-2.3286637931034484,-1.5166666666666666,-1.1919191919191918,-1.8177083333333333,0.9799465240641712,1.8533519553072626,0.5819327731092437,-1.7473118279569892
2022-03-03,-8.597058823529412,-1.9742489270386265,-1.0365853658536586,-0.3469387755102041,-1.0765306122448979,1.9438502673796791,2.7125,0.49173553719008267,-1.239247311827957
2022-03-04,-7.8187984496124034,-1.2076271186440677,0.029940119760479042,1.396039603960396,-1.555,2.8342105263157893,3.6243169398907105,0.2827868852459016,-0.29365079365079366
2022-03-05,-7.8187984496124034,-1.2076271186440677,0.029940119760479042,1.396039603960396,-1.555,2.8342105263157893,3.6243169398907105,0.2827868852459016,-0.29365079365079366
2022-03-06,-8.5800395256917,-1.6670258620689655,-0.593558282208589,1.396039603960396,-1.2295918367346939,1.9037433155080214,2.6708333333333334,-0.4,-0.7379679144385026
2022-03-07,-8.272549019607844,-1.297872340425532,-0.688622754491018,2.6650485436893203,-2.24,2.451058201058201,3.230769230769231,-0.11788617886178862,-0.023809523809523808
2022-03-08,-6.5836538461538465,-0.03676470588235294,0.8526785714285714,3.0588235294117645,-1.9642857142857142,3.4034391534391535,4.21978021978022,0.010245901639344262,1.743455497382199
2022-03-09,-6.269083969465649,1.0854166666666667,1.2648809523809523,4.830188679245283,-1.3697916666666667,4.696335078534031,5.552989130434782,1.622983870967742,3.2628865979381443
2022-03-10,-6.027671755725191,0.5303347280334728,2.0449101796407185,2.417452830188679,-3.516304347826087,4.493386243386244,5.351648351648351,3.8586065573770494,3.550518134715026
2022-03-11,-6.286654135338346,0.015495867768595042,1.6701183431952662,2.417452830188679,-4.797872340425532,4.026178010471204,4.857336956521739,3.318548387096774,2.868622448979592
2022-03-12,-6.286654135338346,0.015495867768595042,1.6701183431952662,2.417452830188679,-4.797872340425532,4.026178010471204,4.857336956521739,3.318548387096774,2.868622448979592
2022-03-13,-7.380188679245283,0.3333333333333333,1.6712121212121211,3.730769230769231,-3.125,4.538978494623656,4.929166666666666,2.6086065573770494,3.1507731958762886
2022-03-14,-8.394886363636363,-0.9335443037974683,0.7110778443113772,3.4086538461538463,-3.125,3.1554054054054053,3.5013966480446927,2.2192622950819674,1.5628205128205128
2022-03-15,-7.967898832684825,-0.28987068965517243,0.6946107784431138,4.856060606060606,-1.6333333333333333,3.3076923076923075,3.664772727272727,2.19672131147541,2.5442708333333335
2022-03-16,-7.21875,-0.03896103896103896,0.45,4.757575757575758,-0.8546511627906976,3.729281767955801,4.102857142857143,2.5479166666666666,2.1614583333333335
2022-03-17,-7.450389105058366,-0.3265086206896552,0.3203592814371258,5.803571428571429,-1.4878048780487805,3.4375,3.794943820224719,1.8084677419354838,1.5940721649484537
2022-03-18,-7.47577519379845,-0.3851931330472103,0.23511904761904762,5.803571428571429,-1.4878048780487805,3.343243243243243,3.695530726256983,1.682,1.514102564102564
2022-03-19,-7.434824902723736,-0.30926724137931033,0.344311377245509,5.803571428571429,-1.4878048780487805,3.4592391304347827,3.817415730337079,1.840725806451613,1.6146907216494846
2022-03-20,-7.424901185770751,-0.31359649122807015,0.961890243902439,5.208333333333333,-3.4551282051282053,3.8131868131868134,4.1875,2.7148760330578514,1.1296296296296295
2022-03-21,-8.068725099601593,-0.9657079646017699,0.6809815950920245,5.208333333333333,-3.4551282051282053,2.6187845303867405,3.5056818181818183,2.528688524590164,1.4113756613756614
2022-03-22,-7.8612204724409445,-1.277533039647577,0.7223926380368099,3.63265306122449,-1.894736842105263,2.360497237569061,3.0889830508474576,2.3516260162601625,1.0263157894736843
2022-03-23,-8.844117647058823,-1.670704845814978,0.041158536585365856,2.8964646464646466,-1.894736842105263,1.867403314917127,2.5847457627118646,3.282520325203252,0.9259259259259259
2022-03-24,-8.614864864864865,-1.392391304347826,-0.2063253012048193,2.6125,-1.894736842105263,2.157608695652174,2.8694444444444445,2.902,1.21875
2022-03-25,-9.09980988593156,-1.863733905579399,-0.2063253012048193,2.272277227722772,-1.894736842105263,1.8024193548387097,2.4986263736263736,2.6785714285714284,0.6153846153846154
2022-03-26,-9.024809160305344,-1.7478448275862069,-0.03333333333333333,2.272277227722772,-1.894736842105263,1.9675675675675677,2.6712707182320443,2.6785714285714284,0.7667525773195877
2022-03-27,-8.560576923076923,-1.3413043478260869,0.24390243902439024,2.75,-3.1621621621621623,2.519125683060109,3.2430167597765363,2.6785714285714284,1.2799479166666667
2022-03-28,-8.89423076923077,-2.0403930131004366,0.34049079754601225,1.2864077669902914,-2.451388888888889,1.46448087431694,1.9930555555555556,2.5570866141732282,0.8342105263157895
2022-03-29,-9.96168582375479,-2.5107758620689653,0.08079268292682927,0.31862745098039214,-3.7708333333333335,0.821236559139785,1.330601092896175,1.624015748031496,0.22409326424870465
2022-03-30,-10.239463601532567,-2.8232758620689653,-0.9451219512195121,-0.36650485436893204,-5.331081081081081,0.12634408602150538,0.6243169398907104,1.6220472440944882,0.03974358974358974
2022-03-31,-11.123091603053435,-3.5344827586206895,-2.040909090909091,-1.138095238095238,-7.052631578947368,-0.760752688172043,-0.2773224043715847,1.6673228346456692,-0.44587628865979384
2022-04-01,-10.776415094339622,-3.6361702127659576,-2.1721556886227544,-1.4509345794392523,-7.089743589743589,-0.9312169312169312,-0.4583333333333333,1.439922480620155,-0.5739795918367347
2022-04-02,-10.776415094339622,-3.6361702127659576,-2.1721556886227544,-1.4509345794392523,-7.089743589743589,-0.9312169312169312,-0.4583333333333333,1.439922480620155,-0.5739795918367347
2022-04-03,-10.301526717557252,-3.371244635193133,-1.7803030303030303,-1.4509345794392523,-6.7105263157894735,-0.7593582887700535,-0.27853260869565216,1.7303149606299213,-0.22422680412371135
2022-04-04,-9.510576923076924,-3.157446808510638,-1.1196969696969696,-0.45093457943925236,-6.7105263157894735,-0.5211640211640212,0.08378378378378379,2.404296875,-0.11211340206185567
2022-04-05,-9.132183908045977,-1.9851694915254237,-0.6021341463414634,0.6666666666666666,-6.7105263157894735,0.6609947643979057,1.28475935828877,3.0557692307692306,0.8505154639175257
2022-04-06,-8.920112781954888,-1.9048117154811715,-0.49847560975609756,0.7680180180180181,-6.961538461538462,0.9987046632124352,1.623015873015873,3.1865384615384613,0.9911167512690355
2022-04-07,-7.974813432835821,-2.12396694214876,-0.8413173652694611,0.5870535714285714,-7.275,0.6836734693877551,1.2916666666666667,2.672932330827068,0.6825
2022-04-08,-8.248154981549815,-2.4344262295081966,-1.3047337278106508,0.4026548672566372,-7.275,0.2727272727272727,0.865979381443299,2.501865671641791,0.27970297029702973
2022-04-09,-8.248154981549815,-2.4344262295081966,-1.3047337278106508,0.4026548672566372,-7.275,0.2727272727272727,0.865979381443299,2.501865671641791,0.27970297029702973
2022-04-10,-7.969330855018588,-2.1270661157024793,-1.1383928571428572,0.09868421052631579,-7.16875,0.5647208121827412,1.1670984455958548,2.4421641791044775,0.67875
2022-04-11,-7.265037593984962,-1.6645833333333333,-1.0538922155688624,0.09868421052631579,-7.16875,0.6454081632653061,1.0466321243523315,2.7011278195488724,1.5625
2022-04-12,-6.628228782287823,-1.0744897959183672,-0.72953216374269,-0.3782051282051282,-7.16875,0.7689393939393939,1.167948717948718,3.1203703703703702,2.1890243902439024
2022-04-13,-6.150369003690037,-0.6829268292682927,-0.17151162790697674,0.4322033898305085,-7.16875,1.4267676767676767,1.8358974358974358,3.112962962962963,2.6407766990291264
2022-04-14,-6.126865671641791,-0.8319672131147541,-0.4117647058823529,0.08898305084745763,-4.625,1.0406091370558375,1.4458762886597938,3.3917910447761193,2.5751231527093594
2022-04-15,-6.126865671641791,-0.8319672131147541,-0.4117647058823529,0.08898305084745763,-4.625,1.0406091370558375,1.4458762886597938,3.3917910447761193,2.5751231527093594
2022-04-16,-6.126865671641791,-0.8319672131147541,-0.4117647058823529,0.08898305084745763,-4.625,1.0406091370558375,1.4458762886597938,3.3917910447761193,2.5751231527093594
2022-04-17,-6.1335227272727275,-0.8797071129707112,-0.4681818181818182,-0.15570175438596492,-4.1824324324324325,0.7901554404145078,1.2,3.4670542635658914,2.6035353535353534
2022-04-18,-5.181390977443609,0.1275933609958506,1.0256024096385543,1.1379310344827587,-1.4407894736842106,1.0038461538461538,0.8965968586387435,4.940839694656488,3.8341708542713566
2022-04-19,-6.925855513307985,0.3855042016806723,0.10213414634146341,1.4913793103448276,1.0961538461538463,1.0751295336787565,0.756578947368421,4.657894736842105,3.188131313131313
2022-04-20,-7.72007722007722,-0.7925531914893617,-0.8773006134969326,1.9849137931034482,-1.03125,-0.17317708333333334,-0.5132275132275133,4.074427480916031,1.8121761658031088
2022-04-21,-7.10823754789272,-0.6938559322033898,-0.6533742331288344,0.43333333333333335,-2.5792682926829267,0.09895833333333333,-0.23677248677248677,4.800387596899225,2.362565445026178
2022-04-22,-7.299242424242424,-0.9853556485355649,-0.7362804878048781,0.43333333333333335,-2.5792682926829267,0.0,-0.3337696335078534,4.653846153846154,1.9561855670103092
2022-04-23,-7.299242424242424,-0.9853556485355649,-0.7362804878048781,0.43333333333333335,-2.5792682926829267,0.0,-0.3337696335078534,4.653846153846154,1.9561855670103092
2022-04-24,-7.374038461538461,-1.0405982905982907,-0.921875,-0.07264957264957266,-2.5792682926829267,0.36780104712041883,-0.03439153439153439,5.173828125,2.507978723404255
2022-04-25,-6.0813725490196076,0.1,0.12101910828025478,0.0668103448275862,-2.2375,1.8008021390374331,1.4054054054054055,5.7896825396825395,4.481283422459893
2022-04-26,-5.670318725099602,-0.6151315789473685,-0.810064935064935,-0.057692307692307696,-7.618421052631579,1.4704301075268817,1.0692934782608696,4.167338709677419,3.6472972972972975
2022-04-27,-6.006944444444445,-1.00764192139738,-1.573051948051948,-0.057692307692307696,-7.618421052631579,2.171122994652406,1.7797297297297296,4.429435483870968,3.1411290322580645
2022-04-28,-6.332329317269076,-0.24668141592920353,-0.3443708609271523,0.2625,-2.5921052631578947,2.467741935483871,2.2568306010928962,5.202083333333333,4.148907103825136
2022-04-29,-6.973107569721115,-0.6403508771929824,-0.9297385620915033,0.12190082644628099,-4.410256410256411,2.3649732620320854,2.1535326086956523,5.020661157024794,3.616216216216216
2022-04-30,-6.973107569721115,-0.6403508771929824,-0.9297385620915033,0.12190082644628099,-4.410256410256411,2.3649732620320854,2.1535326086956523,5.020661157024794,3.616216216216216
2022-05-01,-6.318273092369478,-0.6442731277533039,-0.7119205298013245,0.3125,-4.410256410256411,2.3763440860215055,2.1639344262295084,5.060416666666667,3.6345108695652173
2022-05-02,-7.005040322580645,-0.9344444444444444,-0.7019867549668874,-0.08333333333333333,-4.410256410256411,1.8567567567567567,1.6346153846153846,4.603813559322034,3.322802197802198
2022-05-03,-8.177710843373495,-1.417763157894737,-1.0477707006369428,-0.24586776859504134,-8.54054054054054,1.467914438502674,0.7021857923497268,5.677966101694915,3.331081081081081
2022-05-04,-10.507936507936508,-2.1577777777777776,-0.9984076433121019,-0.19181034482758622,-11.185714285714285,0.4445945945945946,-0.19583333333333333,4.8247863247863245,2.4945054945054945
2022-05-05,-9.59475806451613,-2.5011160714285716,-1.011290322580645,-1.0630434782608695,-8.573529411764707,0.04076086956521739,-0.6145251396648045,4.004310344827586,1.5343406593406594
2022-05-06,-10.017,-3.0309734513274336,-1.7929936305732483,-0.19181034482758622,-8.573529411764707,-0.6303763440860215,-1.1666666666666667,5.63135593220339,0.9795081967213115
2022-05-07,-10.017,-3.0309734513274336,-1.7929936305732483,-0.19181034482758622,-8.573529411764707,-0.6303763440860215,-1.1666666666666667,5.63135593220339,0.9795081967213115
2022-05-08,-9.29133064516129,-3.1154708520179373,-1.8912337662337662,-0.7741228070175439,-8.573529411764707,-0.6939890710382514,-1.2415254237288136,5.310869565217391,0.505524861878453
2022-05-09,-8.442622950819672,-2.661363636363636,-1.707516339869281,-0.9819819819819819,-8.573529411764707,0.4544198895027624,-0.06,6.662280701754386,1.3347222222222221
2022-05-10,-8.266129032258064,-2.5691964285714284,-0.6891025641025641,-0.6118421052631579,-9.392857142857142,-0.605191256830601,-1.1497175141242937,7.053879310344827,1.78125
2022-05-11,-9.206122448979592,-3.1153846153846154,-1.2852564102564104,-1.067391304347826,-8.529411764705882,-1.526098901098901,-2.1051136363636362,6.728448275862069,1.7293956043956045
2022-05-12,-9.570564516129032,-3.7873303167420813,-3.1354838709677417,-1.5334821428571428,-13.272058823529411,-1.537292817679558,-2.12,4.647826086956521,0.3660220994475138
2022-05-13,-10.340637450199203,-4.300448430493273,-3.872611464968153,-2.148230088495575,-13.272058823529411,-2.1871584699453552,-2.785310734463277,4.168103448275862,-0.0260989010989011
2022-05-14,-10.340637450199203,-4.300448430493273,-3.872611464968153,-2.148230088495575,-13.272058823529411,-2.1871584699453552,-2.785310734463277,4.482608695652174,-0.0260989010989011
2022-05-15,-10.776639344262295,-4.42351598173516,-4.375816993464053,-1.103211009174312,-14.6015625,-2.676388888888889,-3.3017241379310347,4.165948275862069,0.10028248587570622
2022-05-16,-9.170408163265305,-2.5588235294117645,-2.3782467532467533,2.75,-14.6015625,-1.1284530386740332,-1.697142857142857,4.316371681415929,-0.027142857142857142
2022-05-17,-9.031893004115226,-2.723863636363636,-2.6143790849673203,1.426605504587156,-11.128787878787879,-1.4848066298342542,-1.6307471264367817,5.31858407079646,0.14942528735632185
2022-05-18,-9.492886178861788,-3.1824324324324325,-2.7126623376623376,0.5045454545454545,-11.957142857142857,-1.4267955801104972,-1.5704022988505748,5.208333333333333,-0.7144886363636364
2022-05-19,-7.103305785123967,-0.9604072398190046,-0.8178807947019867,1.4097222222222223,-3.85,0.430939226519337,0.5635838150289018,5.945652173913044,0.6440677966101694
2022-05-20,-8.591093117408906,-2.013333333333333,-2.35,-0.4572072072072072,-3.85,-0.8797297297297297,-0.809322033898305,5.101694915254237,-0.09583333333333334
2022-05-21,-8.550813008130081,-1.9397321428571428,-2.2451298701298703,-0.29318181818181815,-3.85,-0.7839673913043478,-0.7088068181818182,5.303418803418803,0.006983240223463687
2022-05-22,-8.550813008130081,-1.9397321428571428,-2.2451298701298703,-0.29318181818181815,-3.85,-0.7839673913043478,-0.7088068181818182,5.303418803418803,0.006983240223463687
2022-05-23,-9.689049586776859,-1.6929223744292237,-2.3916666666666666,1.8831775700934579,-3.85,-0.44972067039106145,-0.3567251461988304,4.916666666666667,-0.3338068181818182
2022-05-24,-10.403455284552846,-0.3495475113122172,-0.26655629139072845,4.45945945945946,1.7635135135135136,0.845945945945946,1.0866477272727273,4.817391304347826,0.1952247191011236
2022-05-25,-8.725708502024291,1.4027149321266967,1.5065359477124183,5.868421052631579,1.7635135135135136,1.4824324324324325,1.7556818181818181,5.44017094017094,1.541899441340782
2022-05-26,-9.024193548387096,1.4807692307692308,2.4204545454545454,7.260964912280702,1.5,1.5756756756756756,1.8536931818181819,5.516666666666667,1.399171270718232
2022-05-27,-9.287698412698413,0.9988888888888889,1.7104430379746836,6.75,1.5,1.2981283422459893,1.7175141242937852,4.512096774193548,0.8148648648648649
2022-05-28,-9.287698412698413,0.9988888888888889,1.7104430379746836,6.75,1.5,1.2981283422459893,1.7175141242937852,4.512096774193548,0.8148648648648649
2022-05-29,-9.044897959183674,1.1095890410958904,1.5669934640522876,6.339912280701754,2.861111111111111,1.3162983425414365,1.7514619883040936,4.609243697478991,0.9441340782122905
2022-05-30,-7.785123966942149,0.2872093023255814,0.48986486486486486,4.217592592592593,2.861111111111111,0.8722222222222222,1.2838235294117648,3.9597457627118646,1.0488826815642458
2022-05-31,-7.93904958677686,0.9112903225806451,1.0591216216216217,5.162162162162162,2.861111111111111,1.8853591160220995,2.353801169590643,4.673728813559322,1.7194444444444446
2022-06-01,-7.663179916317992,1.1990740740740742,1.4630872483221478,4.872727272727273,3.0294117647058822,1.886111111111111,2.3573529411764707,4.345338983050848,1.9805555555555556
2022-06-02,-8.826446280991735,-0.15639269406392695,0.12333333333333334,3.397727272727273,3.878787878787879,1.0847222222222221,1.5088235294117647,4.286016949152542,0.34562841530054644
2022-06-03,-10.035425101214575,-0.34841628959276016,-0.004966887417218543,3.1936936936936937,3.878787878787879,0.8379120879120879,1.242732558139535,4.052521008403361,0.11081081081081082
2022-06-04,-10.035425101214575,-0.34841628959276016,-0.004966887417218543,3.1936936936936937,3.878787878787879,0.8379120879120879,1.242732558139535,4.052521008403361,0.11081081081081082
2022-06-05,-9.965020576131687,-0.2707373271889401,0.11904761904761904,2.9722222222222223,5.6171875,0.8114525139664804,1.2218934911242603,3.8685344827586206,-0.07142857142857142
2022-06-06,-11.71652719665272,-0.7719907407407407,-0.5016891891891891,3.5636363636363635,5.6171875,0.6458333333333334,1.0441176470588236,5.764705882352941,-0.5724043715846995
2022-06-07,-12.030590717299578,-1.9521028037383177,-0.8462837837837838,1.3055555555555556,5.6171875,-0.7570224719101124,-0.4375,3.6554621848739495,-2.504120879120879
2022-06-08,-11.835470085470085,-1.7063679245283019,-0.9899328859060402,2.7757009345794392,5.6171875,-0.3637640449438202,-0.020833333333333332,1.8029661016949152,-2.6837016574585637
2022-06-09,-11.5758547008547,-1.240566037735849,-0.313758389261745,3.675925925925926,7.854838709677419,-0.04888268156424581,0.3106508875739645,2.3448275862068964,-1.825
2022-06-10,-11.543067226890756,-1.2325581395348837,0.20860927152317882,3.7886363636363636,7.854838709677419,-0.059065934065934064,0.2936046511627907,2.968220338983051,-1.8060109289617485
2022-06-11,-11.543067226890756,-1.2325581395348837,0.20860927152317882,3.7886363636363636,7.854838709677419,-0.059065934065934064,0.2936046511627907,2.968220338983051,-1.8060109289617485
2022-06-12,-10.877136752136753,-0.11071428571428571,1.4574829931972788,4.1880733944954125,7.854838709677419,1.074438202247191,1.5029761904761905,3.765217391304348,-0.8547486033519553
2022-06-13,-10.615466101694915,-0.2028301886792453,1.6199324324324325,4.175675675675675,6.25,1.2277777777777779,1.660294117647059,4.7956521739130435,-1.5152777777777777
2022-06-14,-11.225531914893617,-0.8329383886255924,1.7346938775510203,4.141891891891892,6.25,0.36666666666666664,0.7485294117647059,4.626086956521739,-2.008426966292135
2022-06-15,-10.808262711864407,-0.41745283018867924,1.0445205479452055,4.195652173913044,9.090909090909092,1.0291666666666666,0.8668639053254438,5.338362068965517,-1.5097765363128492
2022-06-16,-11.661764705882353,-0.5341981132075472,1.1482758620689655,3.8254310344827585,7.6838235294117645,0.8916666666666667,0.7204142011834319,5.125,-1.6480446927374302
2022-06-17,-11.098140495867769,-0.1087962962962963,0.9030612244897959,4.807203389830509,7.6838235294117645,1.239071038251366,1.0930232558139534,4.752118644067797,-1.1215846994535519
2022-06-18,-11.098140495867769,-0.1087962962962963,0.9030612244897959,4.807203389830509,7.6838235294117645,1.239071038251366,1.0930232558139534,4.752118644067797,-1.1215846994535519
2022-06-19,-11.061203319502075,-0.01627906976744186,1.0462328767123288,4.807203389830509,7.6838235294117645,1.3557692307692308,1.2163742690058479,4.963675213675214,-1.0178571428571428
2022-06-20,-11.14451476793249,0.34624413145539906,1.4452054794520548,5.315217391304348,9.536764705882353,1.6519337016574585,1.6597633136094674,5.502155172413793,-0.7667597765363129
2022-06-21,-9.815400843881857,1.3485915492957747,2.1284246575342465,6.625,8.442857142857143,2.8314917127071824,2.923076923076923,4.380341880341881,-0.5930555555555556
2022-06-22,-9.155462184873949,0.7835648148148148,2.5340136054421767,6.269230769230769,6.833333333333333,2.431693989071038,2.4941520467836256,4.361111111111111,-1.151639344262295
2022-06-23,-7.789583333333334,2.412442396313364,4.05794701986755,6.826271186440678,6.833333333333333,3.862021857923497,4.0248538011695905,4.412393162393163,0.13179347826086957
2022-06-24,-8.297131147540984,1.667420814479638,3.3627450980392157,6.204166666666667,6.833333333333333,2.950534759358289,3.047142857142857,3.6354166666666665,-0.6954787234042553
2022-06-25,-8.297131147540984,1.667420814479638,3.3627450980392157,6.204166666666667,6.833333333333333,2.950534759358289,3.047142857142857,3.6354166666666665,-0.6954787234042553
2022-06-26,-8.951446280991735,2.3440366972477062,3.3627450980392157,7.581196581196581,6.833333333333333,3.7730978260869565,3.928779069767442,3.773109243697479,-0.32123655913978494
2022-06-27,-8.446280991735538,2.854357798165138,4.465909090909091,7.572916666666667,6.951388888888889,4.566939890710382,4.779239766081871,5.119834710743802,0.2768817204301075
2022-06-28,-7.802469135802469,2.771788990825688,4.54516129032258,7.648760330578512,8.907142857142857,4.633152173913044,4.848837209302325,4.603658536585366,0.34459459459459457
2022-06-29,-7.073347107438017,2.7374429223744294,4.769354838709678,7.547131147540983,11.25,4.582432432432433,4.793352601156069,4.276209677419355,0.2959459459459459
2022-06-30,-7.915650406504065,1.9874429223744292,4.27741935483871,7.107438016528926,11.848484848484848,4.104619565217392,4.28343023255814,4.274390243902439,-0.11621621621621622
2022-07-01,-7.073886639676114,1.7988636363636363,3.996794871794872,6.725409836065574,11.848484848484848,3.868918918918919,4.030346820809249,4.274390243902439,-0.3279569892473118
2022-07-02,-7.073886639676114,1.7988636363636363,3.996794871794872,6.725409836065574,11.848484848484848,3.868918918918919,4.030346820809249,4.274390243902439,-0.3279569892473118
2022-07-03,-7.181632653061224,2.4593023255813953,4.145161290322581,6.886363636363637,14.441176470588236,4.715277777777778,4.775147928994083,4.758333333333334,-0.06284153005464481
2022-07-04,-7.04835390946502,1.6895348837209303,3.8971518987341773,6.2625,13.57638888888889,4.005586592178771,4.266467065868263,3.6413934426229506,-0.016574585635359115
2022-07-05,-6.7331223628691985,1.0753424657534247,3.4347826086956523,5.683333333333334,12.912162162162161,3.068306010928962,3.386764705882353,2.763779527559055,-0.8432432432432433
2022-07-06,-7.130341880341881,1.1843317972350231,3.8718354430379747,5.60625,13.8125,3.2209944751381214,3.5550595238095237,3.048,-0.7349726775956285
2022-07-07,-6.223290598290598,0.9713302752293578,3.992088607594937,5.223140495867769,13.8125,2.95467032967033,3.2662721893491122,3.038,-0.3011049723756906
2022-07-08,-6.758403361344538,0.5964125560538116,3.7837423312883436,5.242,12.486486486486486,2.800802139037433,2.531791907514451,3.8075396825396823,-0.3682795698924731
2022-07-09,-6.3400423728813555,0.8122171945701357,4.119565217391305,5.560483870967742,13.17361111111111,3.0824324324324324,2.8333333333333335,4.243951612903226,-0.11956521739130435
2022-07-10,-6.585470085470085,0.615296803652968,4.490625,5.560483870967742,13.17361111111111,2.871584699453552,2.6020710059171597,4.243951612903226,-0.36675824175824173
2022-07-11,-7.4342672413793105,-0.26395348837209304,4.039808917197452,5.487804878048781,13.17361111111111,2.4423076923076925,2.1354166666666665,3.958677685950413,-1.4508426966292134
2022-07-12,-7.978448275862069,-0.8511627906976744,3.543548387096774,4.739754098360656,12.5,1.5478142076502732,1.168639053254438,3.682377049180328,-2.005649717514124
2022-07-13,-7.173404255319149,0.17592592592592593,3.8403225806451613,5.2727272727272725,12.5,2.420765027322404,2.113905325443787,3.682377049180328,-1.7457627118644068
2022-07-14,-6.75625,-0.028538812785388126,3.7961783439490446,4.788306451612903,12.5,2.1438172043010755,1.819767441860465,3.629032258064516,-1.7220670391061452
2022-07-15,-6.607438016528926,0.07352941176470588,3.606012658227848,4.54,12.5,2.2406914893617023,1.9281609195402298,3.75,-1.578729281767956
2022-07-16,-6.607438016528926,0.07352941176470588,3.606012658227848,4.54,12.5,2.2406914893617023,1.9281609195402298,3.75,-1.578729281767956
2022-07-17,-7.950836820083682,-1.0460829493087558,2.064516129032258,3.3963414634146343,10.069444444444445,0.967391304347826,1.1242690058479532,2.1975806451612905,-3.008426966292135
2022-07-18,-6.9,-0.6296296296296297,2.8741830065359477,3.4186991869918697,10.661764705882353,0.8920765027322405,1.0441176470588236,1.8174603174603174,-2.5112994350282487
2022-07-19,-7.115957446808511,-0.42093023255813955,3.1737012987012987,2.875,13.530303030303031,1.3541666666666667,1.5449101796407185,1.7283464566929134,-2.2219101123595504
2022-07-20,-7.120171673819742,0.5504694835680751,4.115259740259741,4.020161290322581,18.411290322580644,2.2194444444444446,2.4775449101796405,1.573076923076923,-1.4902234636871508
2022-07-21,-7.335836909871245,0.7897196261682243,4.0,3.4047619047619047,17.28676470588235,2.3950276243093924,2.6651785714285716,1.4326923076923077,-1.1944444444444444
2022-07-22,-7.3575949367088604,0.6169724770642202,4.334375,3.3515625,13.935714285714285,2.2595108695652173,2.5146198830409356,1.8928571428571428,-0.8169398907103825
2022-07-23,-7.3575949367088604,0.6169724770642202,4.334375,3.3515625,13.935714285714285,2.2595108695652173,2.5146198830409356,1.8928571428571428,-0.8169398907103825
2022-07-24,-8.27127659574468,-0.30324074074074076,3.1234177215189876,3.3515625,13.935714285714285,1.7254098360655739,1.9411764705882353,1.8928571428571428,-1.930939226519337
2022-07-25,-7.873940677966102,-0.5161290322580645,3.7264150943396226,2.5153846153846153,12.652777777777779,1.4633152173913044,1.9705882352941178,2.054924242424242,-2.0096685082872927
2022-07-26,-8.390889830508474,-0.24541284403669725,4.3515625,2.2557251908396947,12.652777777777779,1.377027027027027,1.8742690058479532,1.9304511278195489,-1.5180555555555555
2022-07-27,-8.683262711864407,-1.3087557603686637,3.3152866242038215,1.4403846153846154,8.219696969696969,0.4532967032967033,0.6952662721893491,1.6807692307692308,-2.814245810055866
2022-07-28,-8.504219409282701,-1.7374429223744292,2.6666666666666665,0.6145038167938931,10.7734375,-0.34782608695652173,-0.1695906432748538,1.6846153846153846,-2.532122905027933
2022-07-29,-8.128125,-1.4222972972972974,3.0169753086419755,1.0652985074626866,10.7734375,0.11559139784946236,0.3265895953757225,2.1334586466165413,-2.1346153846153846
2022-07-30,-8.015690376569038,-1.2703619909502262,3.0169753086419755,1.0652985074626866,10.7734375,0.3054054054054054,0.5319767441860465,2.414772727272727,-1.9530386740331491
2022-07-31,-7.590717299578059,-1.2,3.139751552795031,1.0652985074626866,10.7734375,0.39809782608695654,0.6330409356725146,2.5610687022900764,-1.8708333333333333
2022-08-01,-6.475531914893617,-0.536697247706422,4.212264150943396,1.6431297709923665,13.477272727272727,0.8179347826086957,1.6598837209302326,1.5454545454545454,-2.559322033898305
2022-08-02,-4.114628820960698,0.06422018348623854,5.036163522012578,2.3882575757575757,15.07857142857143,0.9918032786885246,1.6744186046511629,2.0557692307692306,-1.7329545454545454
2022-08-03,-2.9358695652173914,0.8264840182648402,5.546583850931677,3.041044776119403,15.07857142857143,1.8940217391304348,2.6300578034682083,2.7234848484848486,-0.7796610169491526
2022-08-04,-2.0934782608695652,1.7261363636363636,6.838509316770186,2.761029411764706,15.07857142857143,2.958108108108108,3.5942857142857143,1.755639097744361,0.2011173184357542
2022-08-05,-2.3044871794871793,2.330357142857143,7.27760736196319,2.761029411764706,14.25,3.6481481481481484,4.308659217877095,2.361111111111111,0.669889502762431
2022-08-06,-2.3044871794871793,2.330357142857143,7.27760736196319,2.761029411764706,14.25,3.6481481481481484,4.308659217877095,2.361111111111111,0.669889502762431
2022-08-07,-2.7435622317596566,1.8923766816143497,6.705246913580247,2.761029411764706,14.25,3.1356382978723403,3.771067415730337,1.632462686567164,0.11805555555555555
2022-08-08,-2.5432900432900434,2.1436651583710407,7.375766871165644,2.8740740740740742,13.595588235294118,4.071808510638298,4.759831460674158,2.1296992481203008,0.5583333333333333
2022-08-09,-0.5595238095238095,2.993212669683258,8.52760736196319,3.761111111111111,13.595588235294118,4.740641711229946,5.470338983050848,2.925373134328358,1.0516759776536313
2022-08-10,-0.462882096069869,2.794318181818182,8.963414634146341,3.8033088235294117,13.234375,3.9318181818181817,4.6158192090395485,2.84375,1.5870786516853932
2022-08-11,0.0927947598253275,3.1289592760180995,9.5,3.9347826086956523,13.234375,4.319148936170213,5.021067415730337,3.045620437956204,1.7125
2022-08-12,0.9577922077922078,3.997757847533632,10.590361445783133,3.5,15.863636363636363,5.326315789473684,5.551675977653631,2.972826086956522,2.0751366120218577
2022-08-13,1.1021739130434782,4.161036036036036,10.590361445783133,3.5,15.863636363636363,5.525132275132275,5.764044943820225,3.22992700729927,2.0751366120218577
2022-08-14,-0.5613839285714286,2.5208333333333335,9.184782608695652,0.6759259259259259,15.863636363636363,4.128378378378378,4.2844827586206895,3.3970588235294117,2.193681318681319
2022-08-15,-0.07589285714285714,2.408139534883721,9.075,1.2185185185185186,12.696969696969697,4.005434782608695,3.6839080459770117,2.54014598540146,1.5587431693989071
2022-08-16,0.8130630630630631,3.011627906976744,8.6734375,2.214814814814815,15.7734375,4.026881720430108,3.8257142857142856,1.9944444444444445,2.4917127071823204
2022-08-17,0.3088235294117647,1.3544600938967135,8.229430379746836,1.5912408759124088,10.158333333333333,2.797554347826087,2.30316091954023,1.7102272727272727,1.6320224719101124
2022-08-18,2.791095890410959,3.329009433962264,11.16025641025641,4.361313868613139,15.7734375,4.571428571428571,4.174418604651163,3.8740458015267176,3.360955056179775
2022-08-19,1.9684684684684686,3.0011682242990654,10.617088607594937,4.361313868613139,14.196969696969697,4.571428571428571,4.174418604651163,3.8740458015267176,2.970833333333333
2022-08-20,1.9684684684684686,3.0011682242990654,10.617088607594937,4.361313868613139,14.196969696969697,4.571428571428571,4.174418604651163,3.8740458015267176,2.970833333333333
2022-08-21,2.164383561643836,2.8785377358490565,10.548076923076923,3.9981617647058822,14.196969696969697,4.444444444444445,4.035294117647059,4.071153846153846,3.1089385474860336
2022-08-22,0.6793981481481481,0.9665071770334929,7.871753246753247,1.018796992481203,8.171875,2.377840909090909,1.7320359281437125,2.7109375,1.402542372881356
2022-08-23,0.3204225352112676,0.1953883495145631,6.956953642384106,-0.4064885496183206,8.171875,3.041907514450867,2.4207317073170733,2.46,1.7642857142857142
2022-08-24,1.4820574162679425,0.7426470588235294,7.508333333333334,0.3624031007751938,11.5546875,3.7280701754385963,3.1373456790123457,2.5758196721311477,1.884393063583815
2022-08-25,3.2666666666666666,2.574390243902439,10.076666666666666,1.9026717557251909,14.234848484848484,5.517241379310345,4.844879518072289,4.840163934426229,4.035919540229885
2022-08-26,2.9511627906976745,2.267857142857143,8.970779220779221,1.4136029411764706,11.285714285714286,5.301966292134831,4.635294117647059,4.584677419354839,3.0153631284916202
2022-08-27,2.9511627906976745,2.267857142857143,8.970779220779221,1.4136029411764706,11.285714285714286,5.301966292134831,4.635294117647059,4.584677419354839,3.0153631284916202
2022-08-28,2.192757009345794,1.8762019230769231,8.375816993464053,1.4136029411764706,11.285714285714286,4.873579545454546,4.178571428571429,4.735772357723577,2.5635593220338984
2022-08-29,1.2651869158878504,0.9206730769230769,7.553571428571429,0.5620300751879699,9.895833333333334,3.4505649717514126,2.6923076923076925,3.8245967741935485,1.6690340909090908
2022-08-30,1.6751152073732718,0.7939024390243903,7.513245033112582,0.8465909090909091,9.895833333333334,3.1142857142857143,2.3308383233532934,4.471311475409836,1.5317919075144508
2022-08-31,3.687793427230047,1.9240196078431373,8.358552631578947,0.5192307692307693,9.895833333333334,3.9014285714285712,3.155688622754491,5.3272357723577235,3.077485380116959
2022-09-01,6.369047619047619,1.7390243902439024,8.274671052631579,0.061068702290076333,9.895833333333334,3.674715909090909,2.9226190476190474,5.5182926829268295,2.8502906976744184
2022-09-02,6.158018867924528,2.0606796116504853,8.665032679738562,0.061068702290076333,9.895833333333334,4.038135593220339,3.3076923076923075,6.022177419354839,3.226878612716763
2022-09-03,6.158018867924528,2.0606796116504853,8.665032679738562,0.061068702290076333,9.895833333333334,4.038135593220339,3.3076923076923075,6.022177419354839,3.226878612716763
2022-09-04,5.896428571428571,0.9261083743842364,7.5,-0.4883720930232558,8.864864864864865,2.9457142857142857,2.154191616766467,3.944672131147541,1.8926470588235293
2022-09-05,6.063397129186603,1.0742574257425743,7.746621621621622,-0.09448818897637795,8.052631578947368,3.1293103448275863,2.341867469879518,4.216942148760331,2.0754437869822486
2022-09-06,5.7995283018867925,1.2060975609756097,7.572147651006712,0.8681102362204725,9.78125,3.59,3.658682634730539,4.7073170731707314,2.2151162790697674
2022-09-07,5.395539906103286,1.325242718446602,6.907718120805369,0.40891472868217055,10.720238095238095,3.165714285714286,3.4819277108433737,4.538306451612903,1.681686046511628
2022-09-08,5.428571428571429,1.6182926829268294,6.7634228187919465,0.6957364341085271,10.720238095238095,3.791907514450867,4.146341463414634,3.971311475409836,2.0350877192982457
2022-09-09,4.82981220657277,1.5483091787439613,6.7634228187919465,0.6957364341085271,10.720238095238095,3.684285714285714,4.028614457831325,3.6219512195121952,1.9465317919075145
2022-09-10,4.82981220657277,1.5483091787439613,6.7634228187919465,0.6957364341085271,10.720238095238095,3.684285714285714,4.028614457831325,3.6219512195121952,2.3313953488372094
2022-09-11,5.080952380952381,1.758578431372549,6.807823129251701,0.6515748031496063,12.042682926829269,3.683139534883721,4.033742331288344,2.831967213114754,3.1720588235294116
2022-09-12,6.608333333333333,3.0392156862745097,7.75,0.9015748031496063,12.042682926829269,5.129360465116279,5.559815950920245,3.9672131147540983,4.400584795321637
2022-09-13,4.8971291866028706,1.5036945812807883,8.068965517241379,-0.8790322580645161,8.371951219512194,3.4283625730994154,4.357361963190184,3.7860169491525424,2.575
2022-09-14,6.3954326923076925,1.3353658536585367,7.727891156462585,-1.1150793650793651,8.432926829268293,3.2066473988439306,4.113636363636363,3.940677966101695,2.4546783625730995
2022-09-15,6.813106796116505,0.4458128078817734,7.625,-2.408,8.432926829268293,2.296511627906977,3.1646341463414633,5.117521367521367,1.744047619047619
2022-09-16,7.727163461538462,1.4170731707317072,8.87331081081081,-2.6161417322834644,8.432926829268293,3.4195402298850577,3.7515151515151515,6.71218487394958,2.558139534883721
2022-09-17,7.727163461538462,1.4170731707317072,8.87331081081081,-2.6161417322834644,8.432926829268293,3.4195402298850577,3.7515151515151515,6.71218487394958,2.558139534883721
2022-09-18,7.490291262135922,1.3485221674876848,8.88013698630137,-2.6161417322834644,7.71875,3.3619186046511627,3.548780487804878,6.912393162393163,2.646198830409357
2022-09-19,7.519512195121951,0.8848039215686274,8.335616438356164,-3.8858267716535435,6.8125,2.0272988505747125,2.2106060606060605,7.122844827586207,2.608187134502924
2022-09-20,7.115763546798029,1.304726368159204,7.843103448275862,-3.205078125,8.256410256410257,2.2325581395348837,2.4294478527607364,7.508695652173913,2.4270833333333335
2022-09-21,6.006127450980392,0.49120603015075376,6.14612676056338,-2.927734375,8.256410256410257,0.9342105263157895,1.0601851851851851,7.465217391304348,2.2604166666666665
2022-09-22,6.564356435643564,1.0076142131979695,6.455985915492958,-2.6633858267716537,7.4375,1.5414201183431953,1.703125,7.756578947368421,3.0606060606060606
2022-09-23,6.564356435643564,1.0076142131979695,6.455985915492958,-2.6633858267716537,7.4375,1.5414201183431953,1.703125,7.756578947368421,3.0606060606060606
2022-09-24,6.564356435643564,1.0076142131979695,6.455985915492958,-2.6633858267716537,7.4375,1.5414201183431953,1.703125,7.756578947368421,3.0606060606060606
2022-09-25,6.976010101010101,0.5572916666666666,5.818840579710145,-2.903225806451613,9.064102564102564,0.8409090909090909,0.9663461538461539,6.697727272727272,2.584375
2022-09-26,6.4051282051282055,0.6407894736842106,6.012867647058823,-2.3677685950413223,9.064102564102564,0.941717791411043,1.0746753246753247,7.572429906542056,2.50314465408805
2022-09-27,5.5786802030456855,0.4397905759162304,5.365942028985507,-2.6577868852459017,6.384146341463414,1.0751533742331287,1.2159090909090908,7.544392523364486,2.4449685534591197
2022-09-28,5.285897435897436,0.7994791666666666,5.0964285714285715,-1.9077868852459017,6.384146341463414,1.0484848484848486,1.185897435897436,7.453703703703703,2.2468944099378882
2022-09-29,5.089195979899498,1.913265306122449,7.415492957746479,-0.4032258064516129,8.613095238095237,2.334319526627219,2.540625,9.136363636363637,2.581288343558282
2022-09-30,3.6654411764705883,0.9225,5.907534246575342,-1.7834645669291338,8.613095238095237,1.4549418604651163,1.6088957055214723,8.075221238938052,1.9774096385542168
2022-10-01,3.1908866995073892,0.42462311557788945,5.258620689655173,-2.5912698412698414,6.384146341463414,0.8786549707602339,1.001543209876543,7.254464285714286,1.9774096385542168
2022-10-02,3.4775,0.6243589743589744,5.671985815602837,-2.2016129032258065,6.769230769230769,0.9151785714285714,0.803125,7.868055555555555,1.6863636363636363
2022-10-03,3.6846733668341707,1.2207446808510638,6.077898550724638,-1.5270833333333333,7.878378378378378,1.4567901234567902,1.238709677419355,9.406862745098039,2.268867924528302
2022-10-04,3.4175,0.951058201058201,5.369642857142857,-1.5645833333333334,6.796052631578948,1.5524691358024691,1.3387096774193548,9.362745098039216,2.2940251572327046
2022-10-05,2.2103960396039604,1.582010582010582,5.679856115107913,-1.0971074380165289,6.0256410256410255,2.2885802469135803,2.108064516129032,9.345588235294118,2.2145061728395063
2022-10-06,3.56,3.892105263157895,8.323214285714286,0.1962809917355372,8.725,3.896604938271605,4.405448717948718,11.799528301886792,4.506134969325154
2022-10-07,3.20935960591133,3.518134715025907,7.827464788732394,0.13934426229508196,8.725,3.459090909090909,3.941823899371069,11.083333333333334,4.125757575757576
2022-10-08,3.20935960591133,3.518134715025907,7.827464788732394,0.13934426229508196,8.725,3.459090909090909,3.941823899371069,11.083333333333334,4.125757575757576
2022-10-09,3.586683417085427,3.9214659685863875,8.117021276595745,0.725,8.725,3.9309815950920246,4.437898089171974,11.083333333333334,4.605828220858895
2022-10-10,2.987437185929648,3.61139896373057,7.776041666666667,-0.27049180327868855,7.30625,3.894817073170732,5.134615384615385,11.06712962962963,4.031626506024097
2022-10-11,3.9911616161616164,1.9833333333333334,6.98469387755102,-1.4265873015873016,7.846153846153846,2.3338323353293413,3.4716981132075473,10.368181818181819,3.0602941176470586
2022-10-12,4.184010152284264,2.8239795918367347,7.708053691275167,0.8670634920634921,7.846153846153846,3.3125,4.4921875,10.159090909090908,3.7325581395348837
2022-10-13,2.43407960199005,1.6683417085427135,7.077302631578948,0.4744094488188976,7.846153846153846,2.0935672514619883,3.4305555555555554,9.5,2.402857142857143
2022-10-14,0.768957345971564,0.8413461538461539,6.3896103896103895,0.3549618320610687,7.784090909090909,1.6340782122905029,2.8838235294117647,7.551724137931035,1.62707182320442
2022-10-15,1.0488095238095239,0.8413461538461539,6.3896103896103895,0.3549618320610687,7.784090909090909,1.6340782122905029,2.8838235294117647,7.551724137931035,1.62707182320442
2022-10-16,0.036904761904761905,0.5,5.868421052631579,-0.4173076923076923,7.784090909090909,1.8432203389830508,3.119047619047619,8.305309734513274,1.2430167597765363
2022-10-17,0.41785714285714287,0.9065533980582524,6.18,0.22692307692307692,6.472222222222222,2.394662921348315,3.6923076923076925,9.584821428571429,1.7108938547486034
2022-10-18,0.5370813397129187,0.6723300970873787,6.053691275167785,-0.14423076923076922,5.766304347826087,2.1235955056179776,3.4068047337278107,9.40990990990991,1.5575842696629214
2022-10-19,2.1297619047619047,0.8365853658536585,6.195205479452055,0.4866412213740458,6.194444444444445,2.42090395480226,3.7276785714285716,9.545045045045045,1.752824858757062
2022-10-20,2.1350710900473935,2.102439024390244,7.238095238095238,1.1125954198473282,8.607954545454545,3.0014204545454546,4.347305389221557,8.954128440366972,2.0889830508474576
2022-10-21,1.683411214953271,1.6382211538461537,6.724832214765101,0.7481203007518797,9.451086956521738,2.446927374301676,4.022189349112426,8.376126126126126,1.5527777777777778
2022-10-22,1.683411214953271,1.6382211538461537,6.724832214765101,0.7481203007518797,9.451086956521738,2.446927374301676,4.022189349112426,8.376126126126126,1.5527777777777778
2022-10-23,2.4822274881516586,2.7050970873786406,6.48639455782313,1.6615384615384616,10.377777777777778,3.6977401129943503,5.028273809523809,8.376126126126126,2.590782122905028
2022-10-24,2.6910377358490565,2.0558252427184467,5.3231292517006805,1.5384615384615385,9.342391304347826,2.850852272727273,4.1437125748503,8.404545454545454,1.7667597765363128
2022-10-25,2.585280373831776,1.8828502415458936,4.76510067114094,1.8972868217054264,8.28061224489796,2.912921348314607,4.193786982248521,7.342920353982301,1.973314606741573
2022-10-26,4.276744186046511,2.9271844660194173,6.625850340136054,2.2848837209302326,10.115,3.978932584269663,5.316568047337278,7.285398230088496,2.3324022346368714
2022-10-27,3.7127906976744187,2.3385922330097086,6.227739726027397,1.81640625,9.725961538461538,4.622191011235955,5.994082840236686,6.8954545454545455,2.0042613636363638
2022-10-28,3.2085253456221197,1.8112980769230769,6.227739726027397,0.9807692307692307,9.725961538461538,4.5027932960893855,5.860294117647059,6.6824324324324325,1.3918539325842696
2022-10-29,3.2085253456221197,1.8112980769230769,6.227739726027397,0.9807692307692307,9.725961538461538,4.5027932960893855,5.860294117647059,6.6824324324324325,1.3918539325842696
2022-10-30,1.9694835680751173,1.2032019704433496,5.386524822695035,0.39960629921259844,7.955882352941177,3.8706896551724137,5.234848484848484,6.4672897196261685,1.7028571428571428
2022-10-31,1.4593023255813953,1.417487684729064,5.695035460992908,0.5703125,6.586734693877551,4.668571428571428,6.067771084337349,7.231481481481482,1.727142857142857
2022-11-01,-0.5559360730593608,0.09951456310679611,3.9038461538461537,-1.054263565891473,6.586734693877551,3.578125,5.134036144578313,5.893518518518518,0.3799435028248588
2022-11-02,-0.6095890410958904,0.018292682926829267,3.0440140845070425,-1.91796875,5.142156862745098,3.5028571428571427,5.0636363636363635,4.932242990654205,-0.3135593220338983
2022-11-03,-0.7052752293577982,-1.0612745098039216,2.1136363636363638,-2.3072519083969465,5.073529411764706,2.44364161849711,3.958588957055215,3.375,-1.228932584269663
2022-11-04,-0.8344444444444444,-1.9559523809523809,1.0962837837837838,-2.642857142857143,3.230769230769231,1.845505617977528,3.2797619047619047,3.2637614678899083,-1.7680555555555555
2022-11-05,-0.8344444444444444,-1.9559523809523809,1.0962837837837838,-2.642857142857143,3.230769230769231,1.845505617977528,3.2797619047619047,3.2637614678899083,-1.7680555555555555
2022-11-06,-1.3068181818181819,-2.4902439024390244,-0.5944055944055944,-2.9288461538461537,3.230769230769231,1.069364161849711,2.5,1.509433962264151,-3.1350574712643677
2022-11-07,-2.73972602739726,-2.508495145631068,-1.3374125874125875,-2.877862595419847,2.957547169811321,1.4028571428571428,2.8363636363636364,0.5070754716981132,-3.6408045977011496
2022-11-08,-2.3647727272727272,-2.7888349514563107,-1.2288732394366197,-3.4734848484848486,2.957547169811321,0.8338068181818182,2.2243975903614457,0.5928571428571429,-4.024425287356322
2022-11-09,-3.1447963800904977,-3.391990291262136,-1.9119718309859155,-4.4147727272727275,2.3287037037037037,0.3485714285714286,1.7181818181818183,0.49759615384615385,-4.187861271676301
2022-11-10,-4.7122222222222225,-4.6124401913875595,-3.7534965034965033,-3.5170454545454546,2.3287037037037037,-0.5889830508474576,1.2991071428571428,0.26666666666666666,-4.920058139534884
2022-11-11,-4.544956140350878,-4.307783018867925,-3.328767123287671,-3.062962962962963,2.3287037037037037,-0.2972222222222222,1.5730994152046784,-0.1985981308411215,-4.545714285714285
2022-11-12,-4.544956140350878,-4.307783018867925,-3.328767123287671,-3.062962962962963,2.3287037037037037,-0.2972222222222222,1.5730994152046784,-0.1985981308411215,-4.545714285714285
2022-11-13,-5.222466960352423,-4.372641509433962,-3.422945205479452,-3.164814814814815,2.074074074074074,-0.3736111111111111,1.4926900584795322,-0.24056603773584906,-4.596264367816092
2022-11-14,-5.716814159292035,-5.036904761904762,-2.9486301369863015,-4.448148148148148,0.9537037037037037,-1.1123595505617978,0.6352941176470588,-0.4462616822429907,-5.2988505747126435
2022-11-15,-5.744517543859649,-3.607142857142857,-2.052721088435374,-3.6742424242424243,2.7545454545454544,0.4329608938547486,2.242690058479532,0.3394495412844037,-3.82
2022-11-16,-6.74890350877193,-4.666666666666667,-3.7010135135135136,-5.127906976744186,-1.0,-0.21508379888268156,1.564327485380117,-1.6055045871559632,-5.091428571428572
2022-11-17,-6.87987012987013,-4.997641509433962,-3.4121621621621623,-5.857692307692307,-0.49074074074074076,-0.4478021978021978,1.2902298850574712,-1.9464285714285714,-4.883620689655173
2022-11-18,-7.5405982905982905,-5.308411214953271,-3.6006711409395975,-6.348484848484849,-0.49074074074074076,-0.8586956521739131,0.8409090909090909,-1.9464285714285714,-5.262784090909091
2022-11-19,-7.5405982905982905,-5.308411214953271,-3.6006711409395975,-6.348484848484849,-0.49074074074074076,-0.8586956521739131,0.8409090909090909,-1.9464285714285714,-5.262784090909091
2022-11-20,-6.649563318777292,-5.172985781990521,-3.3698630136986303,-6.151162790697675,-0.36792452830188677,-0.6270718232044199,1.1127167630057804,-1.8136363636363637,-5.0968208092485545
2022-11-21,-6.663043478260869,-4.700704225352113,-2.498299319727891,-5.3683206106870225,1.4907407407407407,-0.12704918032786885,1.6157142857142857,-1.7454545454545454,-5.123563218390805
2022-11-22,-7.788461538461538,-5.6967592592592595,-3.6879194630872485,-6.879699248120301,-1.4863636363636363,-1.1,0.5790960451977402,-1.8468468468468469,-5.814606741573034
2022-11-23,-8.51931330472103,-6.47906976744186,-5.547297297297297,-8.509615384615385,-1.4863636363636363,-1.9891304347826086,-0.15142857142857144,-2.5810185185185186,-6.490056818181818
2022-11-24,-8.408695652173913,-6.441943127962086,-4.801724137931035,-8.468253968253968,-0.1320754716981132,-2.0303867403314917,-0.16279069767441862,-2.5654205607476634,-5.799418604651163
2022-11-25,-7.9393939393939394,-5.939858490566038,-4.083904109589041,-8.468253968253968,1.7222222222222223,-1.4697802197802199,0.4161849710982659,-1.6157407407407407,-5.187861271676301
2022-11-26,-7.629347826086956,-5.939858490566038,-4.083904109589041,-8.468253968253968,1.7222222222222223,-1.4697802197802199,0.4161849710982659,-1.6157407407407407,-5.187861271676301
2022-11-27,-7.74780701754386,-5.822619047619048,-3.7760416666666665,-8.468253968253968,1.6111111111111112,-1.2833333333333334,0.9014705882352941,-1.2452830188679245,-5.0
2022-11-28,-8.111842105263158,-5.957345971563981,-3.701388888888889,-8.75,1.6111111111111112,-1.4654696132596685,0.695906432748538,-1.1438679245283019,-4.937134502923977
2022-11-29,-9.928728070175438,-6.805555555555555,-4.891071428571428,-8.541015625,0.85,-2.64804469273743,-0.5310650887573964,-1.9404761904761905,-6.116071428571429
2022-11-30,-10.484848484848484,-6.933333333333334,-4.889084507042254,-8.051587301587302,0.6140350877192983,-2.8305555555555557,-0.21726190476190477,-2.05188679245283,-5.963235294117647
2022-12-01,-10.83982683982684,-7.291866028708134,-5.406028368794326,-8.051587301587302,0.6140350877192983,-3.2262569832402233,-0.625748502994012,-2.719047619047619,-6.400887573964497
2022-12-02,-10.676282051282051,-7.07311320754717,-5.437062937062937,-8.070866141732283,0.6140350877192983,-3.0384615384615383,-0.47058823529411764,-2.4166666666666665,-6.146802325581396
2022-12-03,-10.600858369098713,-6.972748815165877,-5.437062937062937,-8.070866141732283,1.1294642857142858,-2.899171270718232,-0.3062130177514793,-2.175233644859813,-6.017543859649122
2022-12-04,-10.551724137931034,-6.901190476190476,-5.320422535211268,-8.070866141732283,1.55,-2.7930555555555556,-0.17708333333333334,-1.9882075471698113,-5.923529411764706
2022-12-05,-10.007675438596491,-7.628019323671498,-5.934397163120567,-9.740079365079366,0.0,-3.8324022346368714,-2.104790419161677,-2.657142857142857,-6.730421686746988
2022-12-06,-10.044247787610619,-7.904878048780488,-5.8446428571428575,-10.554435483870968,-1.4423076923076923,-3.5252808988764044,-2.001497005988024,-2.6547619047619047,-6.715361445783133
2022-12-07,-9.639130434782608,-7.7355072463768115,-6.375886524822695,-10.356854838709678,0.4716981132075472,-4.247237569060774,-2.7970588235294116,-3.037037037037037,-7.309880239520958
2022-12-08,-9.554347826086957,-8.085336538461538,-6.461267605633803,-10.613095238095237,-0.17592592592592593,-4.666208791208791,-3.2514619883040936,-2.8472222222222223,-7.745535714285714
2022-12-09,-8.973175965665236,-7.807783018867925,-6.834482758620689,-10.9251968503937,-0.17592592592592593,-4.423387096774194,-2.9310344827586206,-2.8555045871559632,-7.1608187134502925
2022-12-10,-8.973175965665236,-7.807783018867925,-6.834482758620689,-10.9251968503937,-0.17592592592592593,-4.423387096774194,-2.9310344827586206,-2.8555045871559632,-7.1608187134502925
2022-12-11,-10.064935064935066,-8.714285714285714,-7.576388888888889,-10.958333333333334,-0.17592592592592593,-5.421195652173913,-3.9811046511627906,-3.8078703703703702,-8.279585798816568
2022-12-12,-9.56578947368421,-7.3875598086124405,-6.60445205479452,-10.106854838709678,2.7409090909090907,-4.065573770491803,-2.5219298245614037,-2.5863636363636364,-6.626488095238095
2022-12-13,-8.681521739130435,-5.616028708133971,-6.460069444444445,-7.991869918699187,3.462962962962963,-2.603021978021978,-0.9470588235294117,-1.490909090909091,-4.476331360946745
2022-12-14,-9.794181034482758,-5.525,-6.532534246575342,-8.0,2.7818181818181817,-2.5150273224043715,-0.8625730994152047,-2.7927927927927927,-4.675438596491228
2022-12-15,-10.669527896995708,-6.4940758293838865,-7.916666666666667,-7.912601626016261,2.455357142857143,-3.5778688524590163,-1.4069767441860466,-4.846846846846847,-5.642647058823529
2022-12-16,-10.979872881355933,-6.894859813084112,-8.46,-8.320564516129032,2.455357142857143,-4.086021505376344,-1.9842857142857142,-4.9375,-6.1531791907514455
2022-12-17,-10.979872881355933,-6.894859813084112,-8.46,-8.320564516129032,2.455357142857143,-4.086021505376344,-1.9842857142857142,-4.9375,-6.1531791907514455
2022-12-18,-11.756410256410257,-6.968009478672986,-7.863175675675675,-7.85655737704918,3.6818181818181817,-3.42032967032967,-1.2674418604651163,-4.907657657657658,-6.036549707602339
2022-12-19,-12.555793991416309,-7.239234449760765,-7.566780821917808,-8.34375,3.6818181818181817,-3.6958333333333333,-1.5338235294117648,-5.033783783783784,-5.733727810650888
2022-12-20,-12.10022026431718,-7.257177033492823,-6.860544217687075,-9.127118644067796,7.06140350877193,-3.143646408839779,-0.9619883040935673,-4.859090909090909,-5.92814371257485
2022-12-21,-11.94078947368421,-7.008333333333334,-6.510135135135135,-9.382352941176471,7.625,-2.879120879120879,-0.6947674418604651,-3.903669724770642,-5.736686390532545
2022-12-22,-12.12823275862069,-7.007009345794392,-6.71,-9.981404958677686,6.881578947368421,-2.785135135135135,-0.6328571428571429,-3.9272727272727272,-5.601156069364162
2022-12-23,-11.638297872340425,-6.368663594470046,-5.810457516339869,-9.09349593495935,6.577586206896552,-2.1156914893617023,0.037921348314606744,-3.700892857142857,-5.027142857142858
2022-12-24,-11.638297872340425,-6.368663594470046,-5.810457516339869,-9.09349593495935,6.577586206896552,-2.1156914893617023,0.037921348314606744,-3.700892857142857,-5.027142857142858
2022-12-25,-11.518162393162394,-6.126157407407407,-5.462171052631579,-9.09349593495935,6.577586206896552,-1.8128342245989304,0.3700564971751412,-3.700892857142857,-4.718390804597701
2022-12-26,-11.178260869565218,-5.65566037735849,-4.77027027027027,-8.355042016806722,8.450892857142858,-1.4904891304347827,0.7485632183908046,-3.3136363636363635,-4.576589595375722
2022-12-27,-10.355434782608695,-5.285211267605634,-4.115646258503402,-8.333333333333334,8.450892857142858,-0.9713114754098361,1.310693641618497,-3.484375,-4.129310344827586
2022-12-28,-11.233552631578947,-5.860714285714286,-6.457191780821918,-9.883474576271187,6.786363636363636,-2.2083333333333335,0.041176470588235294,-5.607142857142857,-4.899425287356322
2022-12-29,-10.015418502202643,-4.961722488038277,-4.638888888888889,-8.360169491525424,6.383928571428571,-1.3888888888888888,0.9088235294117647,-4.065315315315315,-3.9060693641618496
2022-12-30,-10.153930131004367,-5.002380952380952,-4.638888888888889,-8.403361344537815,6.383928571428571,-1.4558011049723756,0.8245614035087719,-4.149553571428571,-3.961206896551724
2022-12-31,-10.153930131004367,-5.002380952380952,-4.638888888888889,-8.403361344537815,6.383928571428571,-1.4558011049723756,0.8245614035087719,-4.149553571428571,-3.961206896551724
2023-01-01,-10.021929824561404,-4.833732057416268,-4.38986013986014,-8.403361344537815,6.383928571428571,-1.2402777777777778,1.0661764705882353,-4.149553571428571,-3.7514450867052025
2023-01-02,-9.725663716814159,-4.4601449275362315,-3.8351063829787235,-8.192796610169491,7.1045454545454545,-1.1256983240223464,1.2011834319526626,-3.8873873873873874,-3.5799418604651163
2023-01-03,-9.63495575221239,-4.80023923444976,-4.296875,-7.572649572649572,6.6909090909090905,-1.5552486187845305,0.8102941176470588,-2.1776315789473686,-3.128654970760234
2023-01-04,-9.972222222222221,-6.225728155339806,-6.368794326241135,-8.476293103448276,4.9409090909090905,-2.488826815642458,-0.7559880239520959,-5.11936936936937,-4.905688622754491
2023-01-05,-8.966517857142858,-6.334951456310679,-6.3563829787234045,-8.803418803418804,4.325892857142857,-2.455056179775281,-0.5772727272727273,-5.334821428571429,-4.943452380952381
2023-01-06,-10.029605263157896,-5.882211538461538,-5.6975524475524475,-7.970588235294118,4.325892857142857,-1.975,-0.08233532934131736,-5.565217391304348,-5.036764705882353
2023-01-07,-10.029605263157896,-5.882211538461538,-5.6975524475524475,-7.970588235294118,4.325892857142857,-1.975,-0.08233532934131736,-5.565217391304348,-5.036764705882353
2023-01-08,-9.31,-5.41256157635468,-5.456834532374101,-6.828260869565217,5.65,-1.5951704545454546,-0.27424242424242423,-5.283185840707965,-4.433333333333334
2023-01-09,-10.150669642857142,-4.863065326633166,-5.025735294117647,-5.752252252252252,5.65,-0.8706395348837209,0.532608695652174,-4.804545454545455,-3.729813664596273
2023-01-10,-10.603139013452914,-5.08502538071066,-6.235074626865671,-8.17824074074074,7.334821428571429,-1.0808823529411764,0.32547169811320753,-3.797727272727273,-3.990566037735849
2023-01-11,-8.552272727272728,-3.7895408163265305,-5.78030303030303,-7.677570093457944,6.969298245614035,0.37351190476190477,1.6629746835443038,-3.793181818181818,-2.3765822784810124
2023-01-12,-6.526995305164319,-2.218421052631579,-5.163461538461538,-7.842233009708738,6.9375,1.4177018633540373,2.8360927152317883,-2.2738095238095237,-0.55
2023-01-13,-6.647674418604651,-2.2657068062827226,-5.209923664122138,-7.810096153846154,6.59433962264151,1.3395061728395061,2.7434210526315788,-2.358490566037736,-0.5753205128205128
2023-01-14,-6.63785046728972,-2.231578947368421,-5.209923664122138,-7.800970873786408,6.59433962264151,1.4021739130434783,2.8195364238410594,-2.2976190476190474,-0.5225806451612903
2023-01-15,-6.489336492890995,-2.514627659574468,-5.209923664122138,-8.438118811881187,7.706730769230769,0.7859375,2.171666666666667,-3.28125,-0.8480392156862745
2023-01-16,-6.2105263157894735,-2.1586021505376345,-5.011450381679389,-7.888888888888889,8.367647058823529,1.2468354430379747,2.6824324324324325,-2.808252427184466,-0.5115131578947368
2023-01-17,-6.462740384615385,-1.331989247311828,-3.550751879699248,-6.335858585858586,10.826923076923077,1.8757861635220126,2.873310810810811,-1.7115384615384615,0.5
2023-01-18,-6.320913461538462,-2.278225806451613,-4.87406015037594,-7.61,10.826923076923077,2.0015822784810124,3.0153061224489797,-0.8278301886792453,0.0
2023-01-19,-5.722222222222222,-1.5864864864864865,-4.628787878787879,-7.995,10.14,2.843949044585987,3.6020408163265305,0.5571428571428572,1.259933774834437
2023-01-20,-6.577014218009479,-1.7340425531914894,-4.669776119402985,-7.985148514851486,9.78921568627451,2.7154088050314464,3.454697986577181,0.24074074074074073,1.0243506493506493
2023-01-21,-7.08452380952381,-2.27807486631016,-4.669776119402985,-7.985148514851486,9.78921568627451,2.0996835443037973,2.802364864864865,0.24074074074074073,0.37745098039215685
2023-01-22,-6.869565217391305,-1.9578804347826086,-4.098484848484849,-7.59,10.73,2.6698717948717947,3.421232876712329,0.5911214953271028,0.6924342105263158
2023-01-23,-6.885922330097087,-2.099462365591398,-4.201492537313433,-8.096153846153847,11.076530612244898,1.7452830188679245,2.4194630872483223,1.0277777777777777,0.04006410256410257
2023-01-24,-7.544471153846154,-1.5521390374331552,-3.28544776119403,-7.589805825242719,7.811224489795919,1.7468553459119496,2.4211409395973154,1.1157407407407407,0.678343949044586
2023-01-25,-7.929425837320574,-1.4852150537634408,-3.4398496240601504,-7.833333333333333,8.143617021276595,0.22169811320754718,0.7936241610738255,0.9472477064220184,0.4025157232704403
2023-01-26,-8.261961722488039,-1.3743243243243244,-4.0335820895522385,-7.693069306930693,8.143617021276595,-0.1949685534591195,0.348993288590604,1.1111111111111112,1.0764331210191083
2023-01-27,-8.517605633802816,-1.663563829787234,-4.259191176470588,-7.693069306930693,8.143617021276595,-0.5524691358024691,0.08774834437086093,0.9724770642201835,0.690625
2023-01-28,-8.517605633802816,-1.663563829787234,-4.259191176470588,-7.693069306930693,8.143617021276595,-0.5524691358024691,0.08774834437086093,0.9724770642201835,0.690625
2023-01-29,-9.088095238095239,-2.2,-5.06390977443609,-9.083333333333334,8.143617021276595,-1.1556603773584906,-0.5472972972972973,0.3177570093457944,0.24367088607594936
2023-01-30,-8.315533980582524,-1.5370879120879122,-4.086538461538462,-8.45360824742268,7.192708333333333,-0.8639240506329114,-0.44594594594594594,0.7169811320754716,1.103225806451613
2023-01-31,-8.568840579710145,-1.825136612021858,-4.05,-9.025773195876289,11.989583333333334,-1.199685534591195,-0.8070469798657718,1.0649038461538463,1.8295454545454546
2023-02-01,-7.753521126760563,-1.0625,-4.607142857142857,-6.622448979591836,14.453125,-1.1371951219512195,-1.4724025974025974,1.2666666666666666,2.7737341772151898
2023-02-02,-8.183962264150944,-0.706989247311828,-3.7884615384615383,-6.551020408163265,15.640625,-1.3389570552147239,-1.6895424836601307,1.269047619047619,2.643081761006289
2023-02-03,-8.842592592592593,-1.4537037037037037,-4.645833333333333,-6.551020408163265,15.640625,-2.177710843373494,-2.5753205128205128,0.7079439252336449,2.2531055900621118
2023-02-04,-8.842592592592593,-1.4537037037037037,-4.645833333333333,-6.551020408163265,15.640625,-2.177710843373494,-2.5753205128205128,0.7079439252336449,2.2531055900621118
2023-02-05,-8.642523364485982,-1.743279569892473,-4.328846153846154,-7.421875,16.21276595744681,-2.521472392638037,-2.9493464052287583,1.2023809523809523,2.4842767295597485
2023-02-06,-8.163915094339623,-0.3675675675675676,-3.7093023255813953,-6.192105263157894,16.604166666666668,-0.9552469135802469,-1.2828947368421053,1.9858490566037736,3.8946540880503147
2023-02-07,-7.469047619047619,0.01358695652173913,-3.4612403100775193,-5.507978723404255,17.617021276595743,-0.7577160493827161,-0.7235099337748344,2.3,3.709119496855346
2023-02-08,-6.069711538461538,1.0081967213114753,-2.356589147286822,-5.888297872340425,15.212765957446809,-0.2515432098765432,-0.1804635761589404,3.297169811320755,4.4828125
2023-02-09,-6.904589371980676,0.5897790055248618,-3.0059055118110236,-6.6401098901098905,15.212765957446809,-0.740625,-0.7046979865771812,3.8341346153846154,4.0474683544303796
2023-02-10,-6.185141509433962,1.303475935828877,-2.6117424242424243,-5.839473684210526,14.635416666666666,0.22575757575757577,0.32954545454545453,3.9977064220183487,4.840490797546012
2023-02-11,-6.127962085308057,1.4086021505376345,-2.4923664122137406,-5.707446808510638,15.335106382978724,0.3384146341463415,0.45098039215686275,4.203703703703703,4.9830246913580245
2023-02-12,-5.962918660287081,1.6345108695652173,-3.2073643410852712,-5.4103260869565215,16.233695652173914,0.5817901234567902,0.7135761589403974,4.648584905660377,5.2875
2023-02-13,-7.194711538461538,0.30570652173913043,-4.013565891472868,-5.4103260869565215,14.372222222222222,-0.6816770186335404,-0.6416666666666667,3.783333333333333,3.759375
2023-02-14,-6.081753554502369,1.2112299465240641,-3.4160305343511452,-4.335106382978723,14.338888888888889,0.6173780487804879,0.75,3.5919811320754715,4.453416149068323
2023-02-15,-4.453883495145631,1.8405405405405406,-3.4790076335877864,-3.542105263157895,14.863636363636363,0.7070552147239264,0.9205298013245033,3.7595238095238095,4.527950310559007
2023-02-16,-3.449275362318841,2.136968085106383,-2.862781954887218,-3.331578947368421,11.829787234042554,0.4636363636363636,0.6552287581699346,4.462616822429907,4.8185975609756095
2023-02-17,-2.8832547169811322,2.6139896373056994,-2.862781954887218,-3.242424242424242,11.829787234042554,1.655688622754491,1.9370967741935483,5.347222222222222,5.284023668639053
2023-02-18,-2.8832547169811322,2.6139896373056994,-2.862781954887218,-3.242424242424242,11.829787234042554,1.655688622754491,1.9370967741935483,5.347222222222222,5.284023668639053
2023-02-19,-3.285885167464115,2.2578947368421054,-3.74618320610687,-4.130208333333333,9.91304347826087,1.225609756097561,1.4786184210526316,5.464953271028038,4.924698795180723
2023-02-20,-2.266990291262136,3.306149732620321,-3.091796875,-2.9388297872340425,11.127777777777778,1.826086956521739,2.13255033557047,6.014018691588785,6.322530864197531
2023-02-21,-2.8658536585365852,3.2989130434782608,-2.4365079365079363,-2.6702127659574466,11.127777777777778,1.7895569620253164,1.8571428571428572,6.014018691588785,5.309375
2023-02-22,-3.19390243902439,3.0108108108108107,-2.909448818897638,-2.776595744680851,11.127777777777778,1.4638364779874213,1.5067567567567568,6.238207547169812,5.1703125
2023-02-23,-4.001201923076923,2.4171122994652405,-3.802734375,-2.6184210526315788,8.655555555555555,0.7934782608695652,0.7866666666666666,5.08411214953271,4.555900621118012
2023-02-24,-3.863095238095238,2.228723404255319,-3.802734375,-2.9348958333333335,8.655555555555555,0.5848765432098766,0.5629139072847682,5.08411214953271,4.324074074074074
2023-02-25,-3.436602870813397,2.479946524064171,-3.802734375,-2.9348958333333335,9.869318181818182,0.8664596273291926,0.5629139072847682,5.08411214953271,4.324074074074074
2023-02-26,-3.0634146341463415,2.7932432432432432,-3.7696850393700787,-2.4335106382978724,9.869318181818182,1.2106918238993711,0.9261744966442953,5.2075471698113205,4.400621118012422
2023-02-27,-1.574390243902439,3.3949468085106385,-2.28515625,-1.4716494845360826,9.886363636363637,1.9382716049382716,1.707236842105263,6.273148148148148,5.3343558282208585
2023-02-28,-1.875,4.078877005347594,-1.8352713178294573,-0.702020202020202,9.272727272727273,2.7237654320987654,1.5065359477124183,6.0,5.955246913580247
2023-03-01,-1.8671497584541064,3.9029255319148937,-2.044230769230769,-0.985,9.272727272727273,2.5291411042944785,1.3084415584415585,6.0,5.955246913580247
2023-03-02,-1.0776699029126213,3.264627659574468,-2.4326923076923075,-1.295,8.405555555555555,1.9876543209876543,0.7271241830065359,5.938679245283019,5.214506172839506
2023-03-03,-1.832535885167464,2.607329842931937,-2.7992424242424243,-2.3810679611650487,8.405555555555555,1.638719512195122,0.3741935483870968,5.677570093457944,4.579268292682927
2023-03-04,-1.832535885167464,2.607329842931937,-2.7992424242424243,-2.3810679611650487,8.405555555555555,1.638719512195122,0.3741935483870968,5.677570093457944,4.579268292682927
2023-03-05,-2.8028846153846154,2.75,-2.675,-2.3823529411764706,8.405555555555555,1.7932098765432098,0.5212418300653595,5.992857142857143,4.621165644171779
2023-03-06,-2.582125603864734,2.8134920634920637,-2.5706106870229006,-2.1029411764705883,8.438888888888888,1.8919753086419753,0.6258169934640523,5.82311320754717,4.78680981595092
2023-03-07,-2.279268292682927,2.809840425531915,-2.5174418604651163,-2.071078431372549,7.49468085106383,2.7234375,1.490066225165563,6.293269230769231,5.533742331288344
2023-03-08,-1.4855072463768115,3.6210526315789475,-2.572519083969466,-1.7107843137254901,8.407608695652174,3.675925925925926,1.8717105263157894,6.058962264150943,6.4817073170731705
2023-03-09,-2.5182038834951457,3.085978835978836,-2.197674418604651,-1.2301980198019802,8.407608695652174,3.278125,1.2847682119205297,5.90566037735849,5.536585365853658
2023-03-10,-2.533333333333333,4.0,-1.406015037593985,-1.2301980198019802,7.861702127659575,3.763719512195122,1.85,5.2110091743119265,4.879464285714286
2023-03-11,-2.533333333333333,4.0,-1.406015037593985,-1.2301980198019802,7.861702127659575,3.763719512195122,1.85,5.2110091743119265,4.879464285714286
2023-03-12,-2.0072115384615383,3.6789473684210527,-2.171153846153846,-1.34,5.772222222222222,3.2422360248447206,1.2598684210526316,4.459905660377358,4.528963414634147
2023-03-13,-2.8617788461538463,3.0950520833333335,-1.3955223880597014,-3.815,4.0978260869565215,1.6371951219512195,-0.4,4.807339449541284,3.5884146341463414
2023-03-14,-1.6614832535885167,4.0091623036649215,-0.11654135338345864,-3.423469387755102,4.6521739130434785,2.6993865030674846,0.711038961038961,4.509090909090909,4.2287878787878785
2023-03-15,-2.050724637681159,5.072538860103627,1.5914179104477613,-4.125,5.1,3.2590909090909093,1.328525641025641,4.665137614678899,5.993975903614458
2023-03-16,-1.7548076923076923,5.898963730569948,2.781716417910448,-2.8005050505050506,5.1,4.4435975609756095,2.5693548387096774,4.377272727272727,6.954819277108434
2023-03-17,-1.6373239436619718,5.959390862944162,2.372262773722628,-2.3470873786407767,5.1,4.824850299401198,3.1369426751592355,4.09375,7.0
2023-03-18,-1.6373239436619718,5.959390862944162,2.372262773722628,-2.3470873786407767,5.1,4.824850299401198,3.1369426751592355,4.09375,7.0
2023-03-19,-1.1777251184834123,6.091836734693878,2.372262773722628,-2.174019607843137,5.1,4.974397590361446,3.28525641025641,4.3108108108108105,7.159763313609467
2023-03-20,-1.0210280373831775,5.263888888888889,1.2464028776978417,-2.6674757281553396,0.686046511627907,4.011904761904762,2.2832278481012658,3.962719298245614,6.18859649122807
2023-03-21,-1.397887323943662,5.218112244897959,1.3419117647058822,-2.3480392156862746,0.686046511627907,3.9427710843373496,2.1875,3.5132743362831858,6.146449704142012
2023-03-22,-1.0293427230046948,4.870558375634518,1.2135036496350364,-1.6856435643564356,0.9825581395348837,3.3020833333333335,1.627388535031847,2.9741379310344827,5.572058823529412
2023-03-23,-2.199766355140187,3.6658163265306123,0.36380597014925375,-2.83,1.2619047619047619,1.8787425149700598,0.09294871794871795,2.643478260869565,4.937869822485207
2023-03-24,-2.556451612903226,3.457070707070707,0.29259259259259257,-2.8935643564356437,1.2619047619047619,1.6553254437869822,-0.12341772151898735,2.3076923076923075,4.681286549707602
2023-03-25,-2.556451612903226,3.457070707070707,0.29259259259259257,-2.8935643564356437,1.2619047619047619,1.6553254437869822,-0.12341772151898735,2.3076923076923075,4.681286549707602
2023-03-26,-2.556451612903226,3.457070707070707,0.29259259259259257,-2.8935643564356437,1.2619047619047619,1.6553254437869822,-0.12341772151898735,2.3076923076923075,4.681286549707602
2023-03-27,-2.5651162790697675,3.722938144329897,0.37218045112781956,-2.8434343434343434,1.2619047619047619,1.7619760479041917,-0.03205128205128205,2.7214912280701755,5.019461077844311
2023-03-28,-2.6132075471698113,3.3606770833333335,0.666030534351145,-2.6377551020408165,1.2619047619047619,2.012121212121212,0.21266233766233766,3.107142857142857,5.809451219512195
2023-03-29,-3.17018779342723,3.3588082901554404,-0.4751908396946565,-3.2578125,3.5930232558139537,2.0180722891566263,0.5633116883116883,3.1205357142857144,5.61060606060606
2023-03-30,-3.017605633802817,3.344559585492228,-0.5946969696969697,-3.2864583333333335,3.5930232558139537,2.0015060240963853,0.5454545454545454,3.095982142857143,5.727134146341464
2023-03-31,-2.5569767441860467,3.787179487179487,0.10820895522388059,-2.2216494845360826,3.352272727272727,2.53125,1.1346153846153846,3.006637168141593,5.65
2023-04-01,-2.5569767441860467,3.787179487179487,0.10820895522388059,-2.2216494845360826,3.352272727272727,2.53125,1.1346153846153846,3.006637168141593,5.65
2023-04-02,-2.5569767441860467,3.787179487179487,0.10820895522388059,-2.2216494845360826,3.352272727272727,2.53125,1.1346153846153846,3.006637168141593,5.65
2023-04-03,-2.619767441860465,3.6346153846153846,0.4253731343283582,-3.6171875,4.5,2.3541666666666665,0.8439490445859873,1.2477678571428572,4.782934131736527
2023-04-04,-2.5079908675799087,3.488578680203046,0.2962962962962963,-4.620967741935484,4.666666666666667,2.282544378698225,0.7768987341772152,1.1206140350877194,4.7174556213017755
2023-04-05,-2.403669724770642,3.75,0.4203703703703704,-4.424731182795699,5.5,2.5297619047619047,0.8829113924050633,1.7678571428571428,4.9226190476190474
2023-04-06,-1.3127906976744186,3.6040609137055837,0.23345588235294118,-5.635869565217392,7.151162790697675,2.488095238095238,0.8386075949367089,2.9054054054054053,5.3801775147929
2023-04-07,-1.3935185185185186,3.4911616161616164,0.0948905109489051,-5.776881720430108,6.5625,2.3624260355029585,0.7154088050314465,2.7120535714285716,5.238235294117647
2023-04-08,-1.3935185185185186,3.4911616161616164,0.0948905109489051,-5.776881720430108,6.5625,2.3624260355029585,0.7154088050314465,2.7120535714285716,5.238235294117647
2023-04-09,-1.733568075117371,3.6700507614213196,0.3290441176470588,-5.776881720430108,6.5625,2.5654761904761907,0.9208860759493671,2.7120535714285716,5.457100591715976
2023-04-10,-1.1974299065420562,3.051767676767677,0.4888888888888889,-5.8578947368421055,4.0397727272727275,1.8476331360946745,0.16823899371069181,1.6371681415929205,4.913690476190476
2023-04-11,-2.2546511627906978,2.455808080808081,0.3639705882352941,-5.901041666666667,4.4476744186046515,1.0808823529411764,-0.4559748427672956,1.7367256637168142,4.411676646706587
2023-04-12,-3.5046511627906978,2.1129441624365484,0.3639705882352941,-5.899484536082475,4.4476744186046515,0.4588235294117647,-1.121069182389937,1.6710526315789473,4.016566265060241
2023-04-13,-3.610599078341014,2.0454545454545454,0.2791970802919708,-6.0229591836734695,4.821428571428571,0.39035087719298245,-1.184375,1.558695652173913,3.8847305389221556
2023-04-14,-3.8873873873873874,1.9566831683168318,0.8327338129496403,-5.532178217821782,6.363636363636363,0.45689655172413796,-1.084355828220859,2.1944444444444446,3.736842105263158
2023-04-15,-3.8873873873873874,1.9566831683168318,0.8327338129496403,-5.532178217821782,6.363636363636363,0.45689655172413796,-1.084355828220859,2.1944444444444446,3.736842105263158
2023-04-16,-3.8625,2.0425,0.9416058394160584,-5.51010101010101,6.363636363636363,0.5392441860465116,-1.015527950310559,2.347826086956522,3.8594674556213016
2023-04-17,-4.712328767123288,1.67964824120603,0.4025735294117647,-7.420103092783505,5.0773809523809526,0.10818713450292397,-1.0232919254658386,2.3369565217391304,3.4404761904761907
2023-04-18,-4.887731481481482,1.3185279187817258,-0.14738805970149255,-7.139473684210526,4.604651162790698,-0.5365497076023392,-1.7080745341614907,1.5,3.033132530120482
2023-04-19,-5.427752293577981,0.664572864321608,-0.47794117647058826,-6.5,3.3,-1.2673410404624277,-2.4693251533742333,0.4043478260869565,2.1517857142857144
2023-04-20,-3.728211009174312,1.1545226130653266,0.27205882352941174,-6.494623655913978,3.5511363636363638,-0.7326589595375722,-1.901840490797546,1.4583333333333333,2.732142857142857
2023-04-21,-4.052690582959642,0.7218137254901961,-0.13214285714285715,-5.675257731958763,3.5511363636363638,-1.175561797752809,-2.287425149700599,1.1730769230769231,2.3430232558139537
2023-04-22,-4.052690582959642,0.7218137254901961,-0.13214285714285715,-5.675257731958763,3.5511363636363638,-1.175561797752809,-2.287425149700599,1.1730769230769231,2.3430232558139537
2023-04-23,-3.104357798165138,1.5328282828282829,0.7277777777777777,-4.807065217391305,4.142857142857143,-0.3081395348837209,-1.4021739130434783,1.6305309734513274,3.3689759036144578
2023-04-24,-3.314516129032258,1.0552763819095476,-0.41058394160583944,-4.796195652173913,4.924418604651163,-0.2672413793103448,-1.3450920245398772,1.45,2.788922155688623
2023-04-25,-2.5538990825688073,1.625,0.34782608695652173,-3.6236559139784945,4.482954545454546,0.47701149425287354,-0.5506134969325154,2.1923076923076925,3.456845238095238
2023-04-26,-2.1977272727272728,1.5853960396039604,0.30892857142857144,-3.4547872340425534,2.9277777777777776,0.4446022727272727,-0.5727272727272728,1.968487394957983,3.2852941176470587
2023-04-27,-2.3238636363636362,2.1064356435643563,0.10106382978723404,-2.7682291666666665,2.9277777777777776,1.0426136363636365,0.019696969696969695,1.8458333333333334,3.9044117647058822
2023-04-28,-1.6333333333333333,2.849514563106796,1.2120689655172414,-0.6709183673469388,2.527173913043478,1.3687150837988826,0.3854166666666667,1.5,4.859826589595376
2023-04-29,-1.6333333333333333,2.849514563106796,1.2120689655172414,-0.6709183673469388,2.527173913043478,1.3687150837988826,0.3854166666666667,1.5,4.859826589595376
2023-04-30,-1.4338565022421526,3.111519607843137,1.2916666666666667,-0.2912371134020619,3.4166666666666665,1.6539548022598871,0.677710843373494,1.5971074380165289,4.9476744186046515
2023-05-01,-1.7355555555555555,2.754878048780488,1.2756849315068493,0.09693877551020408,-0.5397727272727273,1.2514044943820224,0.25449101796407186,1.3719512195121952,4.149425287356322
2023-05-02,-2.0380184331797233,2.5303030303030303,2.1968085106382977,-1.7657894736842106,-2.877906976744186,1.505813953488372,1.1770186335403727,1.8083333333333333,3.7857142857142856
2023-05-03,-0.7255813953488373,2.5376884422110555,1.9330985915492958,-1.85,-2.8863636363636362,1.5202312138728324,1.1944444444444444,1.5922131147540983,4.0828402366863905
2023-05-04,0.26291079812206575,3.460858585858586,3.0440140845070425,-1.2994791666666667,-2.8863636363636362,2.57703488372093,2.3214285714285716,1.9648760330578512,4.6420118343195265
2023-05-05,-0.30275229357798167,2.9393564356435644,2.953448275862069,-1.3005050505050506,-3.4,1.9985795454545454,1.7106060606060607,2.111788617886179,4.716374269005848
2023-05-06,-0.30275229357798167,2.9393564356435644,2.953448275862069,-1.3005050505050506,-3.4,1.9985795454545454,1.7106060606060607,2.111788617886179,4.716374269005848
2023-05-07,-0.8011627906976744,2.449748743718593,2.7309027777777777,-1.3917525773195876,-4.2727272727272725,1.4190751445086704,1.0864197530864197,1.81875,4.168154761904762
2023-05-08,-0.5921658986175116,2.601990049751244,2.9366438356164384,0.2857142857142857,-4.2727272727272725,1.7169540229885059,1.0701219512195121,1.420731707317073,4.327941176470588
2023-05-09,-1.3252314814814814,1.94625,2.2568965517241377,-0.13010204081632654,-4.069767441860465,0.953757225433526,0.21296296296296297,0.756198347107438,3.773529411764706
2023-05-10,0.006787330316742082,2.3009708737864076,2.1469594594594597,-0.34595959595959597,-4.069767441860465,1.3146067415730338,0.6197604790419161,0.5786290322580645,4.2457142857142856
2023-05-11,-0.9634703196347032,1.2857142857142858,1.6318493150684932,-0.9583333333333334,-3.869047619047619,0.01278409090909091,-0.7772727272727272,-0.06352459016393443,3.184971098265896
2023-05-12,-0.7894144144144144,1.4405339805825244,1.74,-0.3324742268041237,-4.346590909090909,0.2122905027932961,-0.5505952380952381,-0.2560483870967742,3.3338068181818183
2023-05-13,-0.7894144144144144,1.4405339805825244,1.74,-0.3324742268041237,-4.346590909090909,0.2122905027932961,-0.5505952380952381,-0.2560483870967742,3.3338068181818183
2023-05-14,-0.2762557077625571,1.7561576354679802,1.8935810810810811,-0.3324742268041237,-4.346590909090909,0.3234463276836158,-0.44126506024096385,-0.17073170731707318,3.7369942196531793
2023-05-15,-1.2546511627906978,0.964824120603015,1.6927083333333333,-1.2894736842105263,-4.284883720930233,-0.8879310344827587,-1.5864197530864197,-0.03925619834710744,3.322058823529412
2023-05-16,-1.9205069124423964,1.2139303482587065,2.2100694444444446,-0.6458333333333334,-4.284883720930233,-0.8985714285714286,-1.646341463414634,0.05371900826446281,3.4566473988439306
2023-05-17,-2.3299086757990866,1.1467661691542288,1.5844827586206895,-0.34595959595959597,-2.15625,-0.40198863636363635,-1.112121212121212,-0.6565040650406504,3.434593023255814
2023-05-18,-2.51036866359447,1.0883838383838385,2.1598639455782314,0.5979381443298969,-2.15625,-1.0397727272727273,-1.7924242424242425,-0.75,3.4068047337278107
2023-05-19,-2.3127853881278537,0.9912060301507538,2.0219594594594597,0.40561224489795916,-2.15625,-1.137005649717514,-1.891566265060241,-0.89,3.2794117647058822
2023-05-20,-2.3127853881278537,0.9912060301507538,2.0219594594594597,0.40561224489795916,-2.15625,-1.137005649717514,-1.891566265060241,-0.89,3.2794117647058822
2023-05-21,-2.4711981566820276,0.850253807106599,2.1547619047619047,0.32216494845360827,-1.7628205128205128,-1.0440340909090908,-1.7969696969696969,-1.146341463414634,3.019230769230769
2023-05-22,-2.360599078341014,0.2969543147208122,1.413265306122449,0.4114583333333333,-4.440789473684211,-1.6633522727272727,-2.4575757575757575,-2.032520325203252,3.014792899408284
2023-05-23,-2.4055299539170507,0.3883248730964467,1.9,0.18041237113402062,-4.440789473684211,-1.5610795454545454,-2.3484848484848486,-2.125,2.9397058823529414
2023-05-24,-1.6406976744186046,0.8839285714285714,2.6517241379310343,0.9897959183673469,-4.256756756756757,-0.9755747126436781,-1.7331288343558282,-1.2459677419354838,3.4426470588235296
2023-05-25,-1.667808219178082,1.068407960199005,2.735,0.7995049504950495,-4.256756756756757,-0.7164804469273743,-1.4345238095238095,-0.74609375,3.6336206896551726
2023-05-26,-2.1919642857142856,0.9219512195121952,2.4967532467532467,-0.18872549019607843,-4.5855263157894735,-0.8415300546448088,-1.5508720930232558,-0.9326923076923077,3.9915254237288136
2023-05-27,-2.1919642857142856,0.9219512195121952,2.4967532467532467,-0.18872549019607843,-4.5855263157894735,-0.8415300546448088,-1.5508720930232558,-0.9326923076923077,3.9915254237288136
2023-05-28,-3.0382882882882885,0.5360696517412935,1.569078947368421,-1.0255102040816326,-3.641891891891892,-1.3142458100558658,-2.0714285714285716,-1.905511811023622,3.3663793103448274
2023-05-29,-2.9850230414746544,0.6269035532994924,1.6006711409395973,-1.8098958333333333,-2.923611111111111,-1.3295454545454546,-1.6822289156626506,-1.6512096774193548,3.33187134502924
2023-05-30,-2.4182027649769586,1.3205445544554455,1.955592105263158,-0.05555555555555555,-0.14189189189189189,-0.4930939226519337,-0.7426470588235294,-0.29457364341085274,3.637142857142857
2023-05-31,-3.4724770642201834,1.4863861386138615,1.977124183006536,-0.0375,0.3310810810810811,-0.4046961325966851,-0.6485294117647059,-0.7575757575757576,3.715909090909091
2023-06-01,-3.4625,1.691831683168317,1.827922077922078,0.601010101010101,-0.25,-0.5178571428571429,-0.7675438596491229,-0.8966165413533834,3.805084745762712
2023-06-02,-3.579954954954955,1.9684466019417475,2.185126582278481,1.1966019417475728,-0.25,-0.08513513513513514,-0.3031609195402299,-0.4051094890510949,4.238826815642458
2023-06-03,-3.579954954954955,1.9684466019417475,2.185126582278481,1.1966019417475728,-0.25,-0.08513513513513514,-0.3031609195402299,-0.4051094890510949,4.238826815642458
2023-06-04,-3.375,2.125,2.3926282051282053,1.3112745098039216,0.13513513513513514,0.045081967213114756,-0.16715116279069767,-0.2037037037037037,4.444915254237288
2023-06-05,-3.279816513761468,2.282178217821782,3.110576923076923,1.4777227722772277,-2.2857142857142856,0.11126373626373626,-0.097953216374269,0.6259259259259259,4.652857142857143
2023-06-06,-3.736111111111111,1.845,3.1274193548387097,1.2645631067961165,-2.2857142857142856,-0.39861111111111114,-0.05,0.5388888888888889,4.14367816091954
2023-06-07,-3.3116438356164384,2.322139303482587,3.611464968152866,2.0714285714285716,-3.1824324324324325,-0.042582417582417584,0.5745614035087719,0.5925925925925926,4.849137931034483
2023-06-08,-2.914746543778802,1.898477157360406,3.0751633986928106,2.0714285714285716,-2.7916666666666665,-0.002793296089385475,0.6279761904761905,1.0454545454545454,6.035087719298246
2023-06-09,-3.014705882352941,2.4775,3.7045454545454546,3.9018691588785046,-2.7916666666666665,0.11602209944751381,0.7470588235294118,1.7894736842105263,7.121387283236994
2023-06-10,-3.014705882352941,2.4775,3.7045454545454546,3.9018691588785046,-2.7916666666666665,0.11602209944751381,0.7470588235294118,1.7894736842105263,7.121387283236994
2023-06-11,-3.4135944700460827,1.5397435897435898,3.1683333333333334,4.428571428571429,-0.8357142857142857,0.42329545454545453,1.093939393939394,0.6724806201550387,6.389705882352941
2023-06-12,-3.7893518518518516,1.4630102040816326,3.1666666666666665,4.261792452830188,-0.6102941176470589,0.3446327683615819,1.0060240963855422,1.8507751937984496,6.715976331360947
2023-06-13,-2.988532110091743,0.6269430051813472,1.75513698630137,5.971698113207547,-0.6102941176470589,-0.7088068181818182,-0.11363636363636363,1.801923076923077,4.245562130177515
2023-06-14,-2.4625,-0.055412371134020616,1.0844827586206895,4.90566037735849,-0.6102941176470589,-1.5310734463276836,-0.9939759036144579,1.7366412213740459,3.559171597633136
2023-06-15,-2.6376146788990824,0.281413612565445,2.132867132867133,4.75,2.2642857142857142,-1.417142857142857,-0.9651515151515152,1.748076923076923,3.43030303030303
2023-06-16,-2.8817567567567566,0.3227040816326531,2.454081632653061,3.9399038461538463,2.2642857142857142,-1.325,-0.8808823529411764,1.6022727272727273,2.8794642857142856
2023-06-17,-2.8817567567567566,0.3227040816326531,2.454081632653061,3.9399038461538463,2.2642857142857142,-1.325,-0.8808823529411764,1.6022727272727273,2.8794642857142856
2023-06-18,-3.5924657534246576,0.689119170984456,2.9895833333333335,4.353365384615385,2.2642857142857142,-0.9533898305084746,-0.47904191616766467,1.7557692307692307,3.3545454545454545
2023-06-19,-3.202272727272727,0.691025641025641,2.809931506849315,4.392857142857143,2.013888888888889,-0.9329608938547486,-0.4630177514792899,1.513157894736842,3.4021084337349397
2023-06-20,-2.9536199095022626,1.3576923076923078,3.554421768707483,4.371428571428571,4.925675675675675,-0.7696629213483146,-0.2261904761904762,1.6893939393939394,3.701219512195122
2023-06-21,-1.7773972602739727,2.4564102564102566,4.115771812080537,5.408018867924528,4.925675675675675,0.4339887640449438,1.0491071428571428,2.5357142857142856,4.371212121212121
2023-06-22,-1.3045454545454545,2.696700507614213,3.5811258278145695,4.636574074074074,7.427631578947368,0.7194444444444444,1.3441176470588236,2.6165413533834587,4.7620481927710845
2023-06-23,-0.6785714285714286,3.3146766169154227,4.215460526315789,4.636574074074074,6.5,1.6024590163934427,1.6991279069767442,2.6165413533834587,5.444117647058824
2023-06-24,-0.6785714285714286,3.3146766169154227,4.215460526315789,4.636574074074074,6.5,1.6024590163934427,1.6991279069767442,2.6165413533834587,5.444117647058824
2023-06-25,-0.47635135135135137,3.373134328358209,4.292763157894737,4.534403669724771,6.5,1.6666666666666667,1.7674418604651163,2.704887218045113,5.5132352941176475
2023-06-26,-0.287117903930131,3.75,5.0,5.743362831858407,5.78125,2.429144385026738,2.575284090909091,2.863138686131387,5.8835227272727275
2023-06-27,-0.42400881057268724,3.6146341463414635,5.421974522292993,5.885964912280702,3.8289473684210527,2.1698369565217392,1.9956896551724137,2.27037037037037,5.595714285714286
2023-06-28,-0.75,3.1850961538461537,4.984276729559748,5.595652173913043,2.83974358974359,1.868279569892473,1.6789772727272727,2.2907407407407407,4.941340782122905
2023-06-29,-1.1883116883116882,2.7357142857142858,4.05625,4.777777777777778,3.098684210526316,1.3803191489361701,0.8587570621468926,2.119485294117647,5.077348066298343
2023-06-30,-0.8493589743589743,3.023474178403756,4.546296296296297,5.432773109243698,2.5576923076923075,1.7146596858638743,1.3072625698324023,2.722826086956522,5.5
2023-07-01,-0.8493589743589743,3.023474178403756,4.546296296296297,5.432773109243698,2.5576923076923075,1.7146596858638743,1.3072625698324023,2.722826086956522,5.5
2023-07-02,-0.3624454148471616,3.652644230769231,5.033227848101266,5.961864406779661,2.5576923076923075,2.3830645161290325,2.0100574712643677,3.0796296296296295,5.951117318435754
2023-07-03,-0.6449115044247787,3.4,4.658064516129032,5.8466386554621845,3.0197368421052633,2.004076086956522,2.1690751445086707,2.5946969696969697,5.652857142857143
2023-07-04,-1.5947136563876652,3.4926829268292683,4.780645161290322,6.247863247863248,3.0197368421052633,1.9743243243243243,2.1364942528735633,2.5488721804511276,5.843390804597701
2023-07-05,-1.5358695652173913,3.154126213592233,4.608064516129033,6.414529914529915,0.6283783783783784,1.4878378378378379,1.6192528735632183,1.8157894736842106,5.438571428571429
2023-07-06,-0.7381465517241379,4.126201923076923,5.980769230769231,8.213983050847459,1.1666666666666667,2.586898395721925,2.7855113636363638,3.3333333333333335,6.555084745762712
2023-07-07,-1.0446808510638297,4.418246445497631,6.468354430379747,8.785416666666666,1.1666666666666667,2.421957671957672,2.574438202247191,3.7971014492753623,6.856944444444444
2023-07-08,-1.0446808510638297,4.418246445497631,6.468354430379747,8.785416666666666,1.1666666666666667,2.421957671957672,2.574438202247191,3.7971014492753623,6.856944444444444
2023-07-09,-1.5844155844155845,4.5586124401913874,6.562101910828026,9.097457627118644,1.5142857142857142,2.557486631016043,2.7201704545454546,4.0036764705882355,6.941340782122905
2023-07-10,-1.2083333333333333,4.596153846153846,6.658653846153846,9.224358974358974,1.5142857142857142,2.6986486486486485,2.6885714285714286,3.8125,6.79608938547486
2023-07-11,-0.38973799126637554,3.8202380952380954,6.539808917197452,8.545833333333333,1.5142857142857142,2.36968085106383,2.341292134831461,3.523550724637681,5.871546961325967
2023-07-12,-0.8623348017621145,4.371428571428571,6.5881410256410255,8.75,0.875,2.985372340425532,2.991573033707865,4.36231884057971,6.511049723756906
2023-07-13,-0.18444444444444444,4.79665071770335,6.6506410256410255,9.298728813559322,-1.3529411764705883,3.315159574468085,3.4293785310734464,4.311151079136691,7.016666666666667
2023-07-14,-0.6293478260869565,4.514084507042254,6.331761006289308,8.824380165289256,-1.3529411764705883,3.0325520833333335,3.1270718232044197,3.9038461538461537,6.641304347826087
2023-07-15,-0.6293478260869565,4.514084507042254,6.331761006289308,8.824380165289256,-1.3529411764705883,3.0325520833333335,3.1270718232044197,3.9038461538461537,6.641304347826087
2023-07-16,-0.5668859649122807,4.118483412322274,5.823248407643312,8.960416666666667,-4.424242424242424,2.5776315789473685,2.6452513966480447,3.3031914893617023,6.206043956043956
2023-07-17,-0.459070796460177,4.279904306220096,6.062903225806451,9.121848739495798,-4.0859375,2.6455026455026456,2.717696629213483,3.5341726618705036,6.416666666666667
2023-07-18,-0.5881696428571429,4.536407766990291,6.565359477124183,8.869747899159664,-2.7903225806451615,2.903225806451613,2.992857142857143,3.699275362318841,6.457865168539326
2023-07-19,-1.5560538116591929,4.05,5.988486842105263,8.398760330578513,-3.7109375,2.274193548387097,2.3242857142857143,3.0383211678832116,5.905367231638418
2023-07-20,-1.8721719457013575,4.834975369458128,6.991666666666666,7.8277310924369745,-3.7109375,3.120923913043478,3.146551724137931,3.7518248175182483,6.6477272727272725
2023-07-21,-2.0991189427312777,4.456937799043062,6.402243589743589,7.609756097560975,-3.7109375,2.921957671957672,3.190677966101695,4.325539568345324,6.338397790055248
2023-07-22,-2.0991189427312777,4.456937799043062,6.402243589743589,7.609756097560975,-3.7109375,2.921957671957672,3.190677966101695,4.325539568345324,6.338397790055248
2023-07-23,-2.296171171171171,4.403186274509804,6.271381578947368,7.772540983606557,-3.216666666666667,2.8206521739130435,3.0901162790697674,4.647058823529412,6.329545454545454
2023-07-24,-2.6381278538812785,3.832512315270936,5.5364238410596025,6.867768595041323,-3.7416666666666667,2.088315217391304,2.306686046511628,4.044776119402985,5.885057471264368
2023-07-25,-0.9288990825688074,5.629310344827586,6.870805369127517,8.75,1.775,4.070652173913044,4.4273255813953485,4.157894736842105,6.522988505747127
2023-07-26,-0.5573394495412844,5.403940886699507,7.468333333333334,8.731707317073171,-2.0546875,3.796195652173913,4.039017341040463,5.043233082706767,6.658045977011494
2023-07-27,-0.6550925925925926,4.7450495049504955,7.0641891891891895,7.081967213114754,-1.6209677419354838,2.989130434782609,3.180635838150289,5.984962406015038,5.793103448275862
2023-07-28,-1.1227064220183487,4.396551724137931,6.573825503355705,7.081967213114754,-1.6209677419354838,2.616216216216216,2.7830459770114944,5.984962406015038,5.793103448275862
2023-07-29,-1.1227064220183487,4.396551724137931,6.573825503355705,7.081967213114754,-1.6209677419354838,2.616216216216216,2.7830459770114944,5.984962406015038,5.793103448275862
2023-07-30,-0.9546511627906977,4.71125,6.967465753424658,7.758403361344538,-1.4166666666666667,2.9326923076923075,3.1228070175438596,6.0852272727272725,6.185672514619883
2023-07-31,-1.072093023255814,4.936567164179104,7.260204081632653,7.65,-1.4166666666666667,3.189890710382514,3.395348837209302,6.415413533834586,6.266176470588236
2023-08-01,-2.3122119815668203,5.017412935323383,7.02027027027027,7.75,-0.19642857142857142,3.3887362637362637,3.608187134502924,6.496212121212121,6.416666666666667
2023-08-02,-3.5829545454545455,4.389162561576355,6.330536912751678,7.035123966942149,-0.19642857142857142,2.76775956284153,2.946220930232558,6.134328358208955,5.65
2023-08-03,-3.5045454545454544,4.986519607843137,7.476666666666667,8.438524590163935,-0.1810344827586207,3.5355191256830603,3.2002923976608186,6.392592592592592,5.625722543352601
2023-08-04,-2.8549107142857144,5.751207729468599,7.860197368421052,9.182926829268293,-0.1810344827586207,3.8932432432432433,3.0261627906976742,6.392592592592592,6.514204545454546
2023-08-05,-2.8549107142857144,5.751207729468599,7.860197368421052,9.182926829268293,-0.1810344827586207,3.8932432432432433,3.0261627906976742,6.392592592592592,6.514204545454546
2023-08-06,-2.618181818181818,6.177339901477833,8.50168918918919,8.879166666666666,-0.1810344827586207,4.208791208791209,3.350591715976331,6.867424242424242,7.034883720930233
2023-08-07,-2.8102272727272726,5.503658536585366,8.268456375838927,7.846311475409836,-0.1810344827586207,3.479619565217391,2.6031976744186047,6.432835820895522,7.161764705882353
2023-08-08,-3.2523041474654377,5.584158415841584,9.236394557823129,8.443548387096774,-0.5333333333333333,3.603021978021978,2.725,6.957407407407407,7.145833333333333
2023-08-09,-1.9481566820276497,5.859452736318408,9.593103448275862,8.372983870967742,-1.3203125,3.8977900552486187,3.035502958579882,7.130597014925373,7.432228915662651
2023-08-10,-1.6682027649769586,5.753731343283582,9.856643356643357,8.311507936507937,-0.45,3.245833333333333,2.331845238095238,7.613970588235294,7.305059523809524
2023-08-11,-1.2771493212669682,6.363970588235294,9.680555555555555,8.5078125,-0.45,3.6744505494505493,2.801470588235294,7.445255474452555,7.464705882352941
2023-08-12,-1.2771493212669682,6.363970588235294,9.680555555555555,8.5078125,-0.45,3.6744505494505493,2.801470588235294,7.445255474452555,7.464705882352941
2023-08-13,-0.9006849315068494,6.626237623762377,9.833916083916083,8.5078125,-0.45,3.938888888888889,2.8905325443786984,7.5900735294117645,7.581360946745562
2023-08-14,-1.1912442396313363,6.25,9.206293706293707,7.798828125,-0.45,3.786111111111111,2.727810650887574,7.231751824817518,7.136904761904762
2023-08-15,-1.2967289719626167,6.153266331658291,9.5,7.854,-0.45,3.6502808988764044,2.570359281437126,7.194444444444445,7.073795180722891
2023-08-16,-2.0528169014084505,6.408415841584159,9.47695035460993,7.692460317460317,-1.0,3.976519337016575,2.9367647058823527,7.049632352941177,6.4787878787878785
2023-08-17,-2.3514150943396226,6.38490099009901,9.443262411347519,7.654761904761905,-1.0,3.9502762430939224,2.9088235294117646,7.237037037037037,6.45
2023-08-18,-1.2988372093023255,6.897342995169082,10.065068493150685,8.732692307692307,-1.0,4.714864864864865,3.8945086705202314,7.5144927536231885,7.072058823529412
2023-08-19,-1.2988372093023255,6.897342995169082,10.065068493150685,8.732692307692307,-1.0,4.714864864864865,3.8945086705202314,7.5144927536231885,7.072058823529412
2023-08-20,-1.3867924528301887,6.974514563106796,10.196551724137931,8.732692307692307,-1.0,4.789402173913044,3.9694767441860463,7.635036496350365,7.1671597633136095
2023-08-21,-1.5841121495327102,6.5576923076923075,9.748299319727892,8.049242424242424,-2.671875,4.346774193548387,3.5057471264367814,7.407608695652174,6.874269005847953
2023-08-22,-1.7009345794392523,6.4375,8.95890410958904,7.859848484848484,-0.5514705882352942,4.14572192513369,3.295714285714286,6.686131386861314,6.728070175438597
2023-08-23,-1.8796728971962617,6.420673076923077,9.31076388888889,8.332706766917294,-2.201388888888889,4.524324324324325,3.6907514450867054,6.618613138686132,6.6798245614035086
2023-08-24,-1.7910798122065728,6.271739130434782,9.41725352112676,8.4,-1.7857142857142858,4.346467391304348,3.495639534883721,6.384057971014493,5.87719298245614
2023-08-25,-1.0229357798165137,5.956161137440758,9.41725352112676,8.4,-1.7857142857142858,4.176470588235294,3.3285714285714287,6.663120567375887,6.112068965517241
2023-08-26,-1.0229357798165137,5.956161137440758,9.41725352112676,8.4,-1.7857142857142858,4.176470588235294,3.3285714285714287,6.663120567375887,6.112068965517241
2023-08-27,-1.0933179723502304,5.916666666666667,9.382978723404255,8.4,-1.5661764705882353,4.122311827956989,3.2658045977011496,6.663120567375887,6.065028901734104
2023-08-28,0.04838709677419355,6.6896135265700485,11.380357142857143,9.337686567164178,0.09285714285714286,4.959016393442623,3.513157894736842,7.717625899280575,7.203488372093023
2023-08-29,0.8852272727272728,6.766908212560386,11.60431654676259,9.447761194029852,-0.12142857142857143,4.952445652173913,3.51453488372093,7.83273381294964,7.432748538011696
2023-08-30,2.490867579908676,7.980769230769231,12.893115942028986,10.533582089552239,3.357142857142857,6.327027027027027,4.992774566473988,9.326241134751774,8.896802325581396
2023-08-31,2.740867579908676,7.854368932038835,12.773897058823529,10.375,3.0208333333333335,6.052989130434782,4.691860465116279,9.003623188405797,8.399122807017545
2023-09-01,2.748873873873874,8.0625,12.627737226277372,10.66044776119403,3.0208333333333335,6.5608108108108105,4.622832369942197,8.886690647482014,8.023121387283236
2023-09-02,2.748873873873874,8.0625,12.627737226277372,10.66044776119403,3.0208333333333335,6.5608108108108105,4.622832369942197,8.886690647482014,8.023121387283236
2023-09-03,2.3088235294117645,7.618357487922705,11.985294117647058,9.988721804511279,3.4642857142857144,6.052989130434782,4.068313953488372,8.226449275362318,7.488372093023256
2023-09-04,2.5559360730593608,7.934146341463415,12.494444444444444,10.571705426356589,3.4642857142857144,6.391483516483516,4.4073529411764705,8.397810218978103,7.644117647058824
2023-09-05,3.0756880733944953,8.612195121951219,13.309259259259258,10.75390625,7.021428571428571,7.15521978021978,4.944444444444445,9.056159420289855,7.181952662721893
2023-09-06,3.2857142857142856,7.793689320388349,12.702554744525548,9.988549618320612,6.305555555555555,7.15521978021978,4.944444444444445,9.71043165467626,7.008823529411765
2023-09-07,4.846064814814815,8.660194174757281,13.335144927536232,9.296153846153846,8.837837837837839,8.637978142076502,6.534883720930233,10.355357142857143,7.552631578947368
2023-09-08,4.857954545454546,8.901913875598087,13.95863309352518,9.13740458015267,11.236842105263158,9.022972972972973,6.968390804597701,10.673076923076923,7.862068965517241
2023-09-09,4.857954545454546,8.901913875598087,13.95863309352518,9.13740458015267,11.236842105263158,9.022972972972973,6.968390804597701,10.673076923076923,7.862068965517241
2023-09-10,4.585253456221198,8.533816425120772,13.282608695652174,9.309615384615384,11.236842105263158,8.607923497267759,6.502906976744186,10.157801418439716,7.406976744186046
2023-09-11,3.911697247706422,7.973684210526316,12.46830985915493,8.671153846153846,11.236842105263158,8.812841530054644,6.72093023255814,10.291071428571428,8.157894736842104
2023-09-12,4.470657276995305,8.202898550724637,12.632978723404255,8.99031007751938,11.236842105263158,8.940934065934066,6.845029239766082,10.706521739130435,8.548816568047338
2023-09-13,3.9264018691588785,8.122037914691942,11.784722222222221,9.51865671641791,7.671052631578948,8.900537634408602,7.093390804597701,11.26607142857143,8.662790697674419
2023-09-14,4.071596244131455,7.973684210526316,11.213286713286713,10.25187969924812,7.671052631578948,8.740489130434783,6.901162790697675,11.392086330935252,8.921511627906977
2023-09-15,3.019675925925926,7.014218009478673,11.213286713286713,8.718518518518518,7.671052631578948,8.225675675675676,6.361271676300578,11.392086330935252,8.921511627906977
2023-09-16,3.0802325581395347,7.095238095238095,11.362676056338028,8.85820895522388,7.671052631578948,8.324728260869565,6.4563953488372094,11.547101449275363,9.032163742690058
2023-09-17,3.251179245283019,7.328502415458937,11.669642857142858,9.145833333333334,8.06081081081081,8.611878453038674,6.730769230769231,12.003703703703703,9.242603550295858
2023-09-18,3.235781990521327,7.057038834951456,11.089928057553957,8.901851851851852,5.594594594594595,8.814917127071823,6.764705882352941,12.212686567164178,9.497041420118343
2023-09-19,3.0318396226415096,7.136585365853659,11.23731884057971,9.037313432835822,5.594594594594595,8.915277777777778,6.859467455621302,11.518796992481203,8.918154761904763
2023-09-20,3.1285377358490565,7.236585365853658,12.023381294964029,10.011194029850746,2.6216216216216215,8.816011235955056,6.729041916167665,11.563909774436091,8.34375
2023-09-21,1.8215962441314555,5.959951456310679,10.817375886524824,9.003623188405797,1.6907894736842106,7.742937853107344,6.137724550898204,11.212962962962964,6.781065088757397
2023-09-22,1.4608294930875576,5.947368421052632,10.697916666666666,8.269642857142857,1.205128205128205,7.698611111111111,6.1191176470588236,11.003676470588236,6.891812865497076
2023-09-23,1.4976851851851851,6.007211538461538,10.818181818181818,8.37589928057554,1.205128205128205,7.777932960893855,6.193786982248521,11.133333333333333,6.970588235294118
2023-09-24,1.3564593301435406,5.699257425742574,10.25,7.477777777777778,1.8223684210526316,7.102857142857143,5.4393939393939394,11.225190839694656,6.626524390243903
2023-09-25,2.092857142857143,5.97671568627451,10.875,8.338888888888889,1.8223684210526316,7.476123595505618,6.070359281437126,10.81203007518797,6.775602409638554
2023-09-26,1.707142857142857,5.998762376237623,10.755474452554745,8.42910447761194,1.3333333333333333,7.235955056179775,5.81437125748503,10.66044776119403,7.295731707317073
2023-09-27,2.5642857142857145,6.466748768472907,11.726618705035971,8.290740740740741,1.3333333333333333,7.775568181818182,6.1030303030303035,11.507462686567164,7.121212121212121
2023-09-28,3.1338862559241707,6.988916256157635,12.271428571428572,8.201851851851853,1.8421052631578947,8.386363636363637,6.629518072289157,11.018939393939394,7.608433734939759
2023-09-29,3.201388888888889,6.966346153846154,11.642605633802816,8.003676470588236,1.8421052631578947,8.572625698324023,6.8579881656804735,10.634328358208956,7.019117647058824
2023-09-30,3.201388888888889,6.966346153846154,11.642605633802816,8.003676470588236,1.8421052631578947,8.572625698324023,6.8579881656804735,10.634328358208956,7.019117647058824
2023-10-01,3.239485981308411,7.04247572815534,11.78014184397163,8.12037037037037,1.8421052631578947,8.679378531073446,6.950598802395209,10.772556390977444,7.019117647058824
2023-10-02,3.1203271028037385,7.561893203883495,12.539007092198581,8.795955882352942,1.8421052631578947,9.283898305084746,7.591317365269461,10.907196969696969,7.010294117647059
2023-10-03,2.926605504587156,7.5131578947368425,12.197916666666666,8.71376811594203,2.1486486486486487,8.579608938547485,6.865384615384615,10.842803030303031,7.070588235294117
2023-10-04,1.5529953917050692,6.185990338164252,10.961267605633802,7.3713235294117645,2.1486486486486487,7.03954802259887,5.212574850299402,9.624031007751938,6.061377245508982
2023-10-05,1.478110599078341,5.391304347826087,9.806338028169014,6.75,0.28289473684210525,6.762711864406779,4.955089820359281,9.143700787401574,5.648484848484848
2023-10-06,0.40427927927927926,5.155502392344498,9.402777777777779,6.602941176470588,0.28289473684210525,6.472067039106145,4.668639053254438,8.703488372093023,5.350299401197605
2023-10-07,0.40427927927927926,5.227163461538462,9.402777777777779,6.602941176470588,0.28289473684210525,6.563202247191011,4.754464285714286,8.84765625,5.350299401197605
2023-10-08,0.25904977375565613,5.570731707317073,9.778169014084508,6.783333333333333,0.28289473684210525,6.848011363636363,5.034638554216867,9.498,5.782012195121951
2023-10-09,0.5148401826484018,6.051470588235294,9.325174825174825,8.145833333333334,0.28289473684210525,7.4157142857142855,5.625757575757576,9.723577235772357,6.384969325153374
2023-10-10,1.2672018348623852,5.562807881773399,9.391608391608392,8.259541984732824,0.8716216216216216,6.853448275862069,5.0182926829268295,8.940573770491802,5.7746913580246915
2023-10-11,0.2990867579908676,4.880541871921182,8.277777777777779,7.051136363636363,0.8716216216216216,6.057471264367816,4.072727272727272,8.177685950413224,5.181677018633541
2023-10-12,0.1536697247706422,4.820544554455446,8.424295774647888,7.047709923664122,0.618421052631579,6.0491329479768785,4.051829268292683,8.474789915966387,5.117924528301887
2023-10-13,-0.20795454545454545,4.384803921568627,7.756944444444445,6.345864661654136,-1.0833333333333333,5.527142857142858,3.5256024096385543,8.291666666666666,4.562111801242236
2023-10-14,-0.20795454545454545,4.384803921568627,7.756944444444445,6.345864661654136,-1.0833333333333333,5.527142857142858,3.5256024096385543,8.291666666666666,4.562111801242236
2023-10-15,-0.20795454545454545,4.384803921568627,7.756944444444445,6.345864661654136,-1.0833333333333333,5.527142857142858,3.5256024096385543,8.291666666666666,4.562111801242236
2023-10-16,1.4113636363636364,4.639024390243902,7.572916666666667,7.0093984962406015,-0.9736842105263158,5.816761363636363,3.842814371257485,8.405462184873949,5.1102484472049685
2023-10-17,1.6018099547511313,5.145631067961165,7.99486301369863,7.904135338345864,-0.12837837837837837,6.399717514124294,4.46875,8.380252100840336,5.913043478260869
2023-10-18,2.840497737556561,5.487864077669903,7.286206896551724,9.117537313432836,-0.3026315789473684,6.455965909090909,4.516467065868263,8.48093220338983,6.5640625
2023-10-19,3.3164414414414414,6.353658536585366,7.757142857142857,10.56015037593985,4.7125,6.744285714285715,4.517857142857143,7.459745762711864,7.797169811320755
2023-10-20,3.0591517857142856,6.275485436893204,7.632978723404255,10.408582089552239,4.7125,6.650568181818182,4.433431952662722,7.315126050420168,7.6875
2023-10-21,3.0591517857142856,6.275485436893204,7.632978723404255,10.408582089552239,4.7125,6.650568181818182,4.433431952662722,7.315126050420168,7.6875
2023-10-22,3.311936936936937,6.571078431372549,7.9035714285714285,10.714285714285714,5.608974358974359,7.001436781609195,4.772455089820359,7.52542372881356,7.845911949685535
2023-10-23,2.6422222222222222,5.881067961165049,7.644366197183099,10.424074074074074,3.125,6.287142857142857,4.041666666666667,7.828512396694215,8.066358024691358
2023-10-24,2.314732142857143,5.18719806763285,6.953900709219858,9.074074074074074,5.1891891891891895,5.872857142857143,3.6101190476190474,6.824380165289257,7.070987654320987
2023-10-25,2.024663677130045,5.507281553398058,7.098214285714286,9.696691176470589,5.1891891891891895,7.021676300578035,4.780120481927711,6.799586776859504,7.470496894409938
2023-10-26,2.4263392857142856,6.052380952380952,8.204545454545455,10.550359712230216,8.49375,8.265714285714285,6.102678571428571,6.799586776859504,7.670180722891566
2023-10-27,2.3700440528634363,5.7040094339622645,7.665517241379311,10.082142857142857,6.945121951219512,8.180397727272727,6.0266272189349115,6.688524590163935,7.583832335329341
2023-10-28,2.5455555555555556,5.812796208530806,7.665517241379311,10.082142857142857,6.945121951219512,8.325714285714286,6.165178571428571,6.886363636363637,7.733433734939759
2023-10-29,2.703125,5.6650717703349285,7.475524475524476,10.320652173913043,6.945121951219512,8.176300578034683,5.983433734939759,6.644957983193278,7.733433734939759
2023-10-30,3.7984234234234235,6.979468599033816,9.590425531914894,11.636690647482014,11.273255813953488,9.114035087719298,6.934451219512195,8.552521008403362,8.919161676646707
2023-10-31,5.307077625570776,7.779268292682927,10.575,12.336330935251798,11.273255813953488,10.551470588235293,8.420245398773005,8.957264957264957,9.213636363636363
2023-11-01,5.658256880733945,7.512315270935961,9.14568345323741,11.045620437956204,11.678571428571429,10.116863905325443,8.61574074074074,8.11965811965812,8.75609756097561
2023-11-02,5.072093023255814,6.667910447761194,8.597826086956522,10.391544117647058,11.678571428571429,9.79940119760479,8.835403726708075,7.953389830508475,7.723765432098766
2023-11-03,4.9411764705882355,6.453658536585366,7.710714285714285,11.045620437956204,9.081395348837209,9.469298245614034,8.516666666666667,7.677083333333333,8.084848484848484
2023-11-04,4.9411764705882355,6.453658536585366,7.710714285714285,11.045620437956204,9.081395348837209,9.469298245614034,8.516666666666667,7.677083333333333,8.084848484848484
2023-11-05,5.280963302752293,7.32875,8.248175182481752,12.274436090225564,9.081395348837209,10.614457831325302,9.675,8.305555555555555,8.192073170731707
2023-11-06,4.798165137614679,6.8025,7.143884892086331,11.628787878787879,9.063953488372093,9.980421686746988,9.0171875,7.756521739130434,7.662576687116564
2023-11-07,3.2771493212669682,6.144607843137255,6.399647887323944,10.637037037037038,10.146341463414634,9.636904761904763,8.67283950617284,7.982456140350878,7.109939759036145
2023-11-08,2.7104072398190047,5.932598039215686,5.865384615384615,9.761029411764707,9.720238095238095,9.915680473372781,8.967791411042946,7.435267857142857,6.930981595092025
2023-11-09,2.103881278538813,4.975369458128079,5.526041666666667,9.455555555555556,9.720238095238095,9.069526627218934,8.090490797546012,7.520089285714286,6.314417177914111
2023-11-10,2.0930493273542603,5.38780487804878,6.097602739726027,10.121323529411764,11.819767441860465,9.51608187134503,8.565151515151515,7.404867256637168,6.8106060606060606
2023-11-11,2.0930493273542603,5.38780487804878,6.097602739726027,10.121323529411764,11.819767441860465,9.51608187134503,8.565151515151515,7.404867256637168,6.8106060606060606
2023-11-12,2.4054054054054053,5.7611386138613865,6.489583333333333,10.795112781954888,11.819767441860465,10.038690476190476,9.089506172839506,8.145454545454545,7.302469135802469
2023-11-13,2.8545454545454545,6.152010050251256,6.735915492957746,11.305343511450381,11.819767441860465,10.587878787878788,9.641509433962264,8.518518518518519,7.6890625
2023-11-14,3.248873873873874,5.498743718592965,6.205172413793103,10.63953488372093,10.801136363636363,9.748484848484848,8.770440251572326,8.585648148148149,7.777439024390244
2023-11-15,3.5877777777777777,5.747512437810945,6.912671232876712,11.166030534351146,9.483333333333333,9.997005988023952,8.471875,8.38302752293578,7.671212121212121
2023-11-16,2.201111111111111,4.924242424242424,5.715277777777778,9.687984496124031,8.590425531914894,8.909090909090908,7.132075471698113,7.820093457943925,6.595092024539877
2023-11-17,2.048458149779736,4.72375,5.431506849315069,9.687984496124031,7.86734693877551,8.62125748502994,6.855590062111801,7.39908256880734,6.331818181818182
2023-11-18,2.048458149779736,4.72375,5.431506849315069,9.687984496124031,7.86734693877551,8.62125748502994,6.855590062111801,7.39908256880734,6.331818181818182
2023-11-19,2.6345291479820627,5.44515306122449,5.822916666666667,10.978,9.166666666666666,9.58435582822086,7.810509554140127,7.885514018691588,7.020186335403727
2023-11-20,1.8433333333333333,4.517676767676767,5.292808219178082,10.142,8.11413043478261,8.855182926829269,7.064873417721519,7.831018518518518,5.874233128834356
2023-11-21,1.915158371040724,4.475515463917525,4.890625,10.206611570247935,9.857954545454545,8.399691358024691,6.568910256410256,7.308962264150943,5.815625
2023-11-22,2.0875,4.47680412371134,4.625862068965517,10.66875,8.88888888888889,8.401234567901234,6.57051282051282,7.860576923076923,5.8171875
2023-11-23,1.4895833333333333,4.87434554973822,4.738013698630137,10.66875,8.835106382978724,8.7546875,6.832258064516129,7.647058823529412,5.5363924050632916
2023-11-24,1.4895833333333333,4.87434554973822,4.738013698630137,10.66875,8.835106382978724,8.7546875,6.632165605095541,7.647058823529412,5.4748427672955975
2023-11-25,1.4895833333333333,4.87434554973822,4.738013698630137,10.66875,8.835106382978724,8.7546875,6.632165605095541,7.647058823529412,5.4748427672955975
2023-11-26,0.45348837209302323,3.955026455026455,3.2274305555555554,8.75,5.75,7.704113924050633,5.708064516129032,5.53,3.9358974358974357
2023-11-27,-0.2266355140186916,3.892670157068063,3.2413793103448274,9.119565217391305,6.0055555555555555,7.677672955974843,5.693910256410256,5.611386138613861,3.998407643312102
2023-11-28,-0.8502358490566038,3.236772486772487,3.3194444444444446,8.773913043478261,3.8693181818181817,6.936305732484076,4.912337662337662,3.811224489795918,3.2
2023-11-29,-1.1150234741784038,2.918421052631579,2.9017241379310343,8.376086956521739,4.162790697674419,6.530063291139241,4.5112903225806456,3.4675,3.0641025641025643
2023-11-30,-1.2883720930232558,2.173575129533679,2.687074829931973,7.205128205128205,4.162790697674419,5.496894409937888,4.256369426751593,2.983009708737864,2.8317610062893084
2023-12-01,-0.8096330275229358,1.7982233502538072,2.4496644295302015,6.427685950413223,3.6079545454545454,4.968181818181818,3.7453416149068324,2.730952380952381,2.5277777777777777
2023-12-02,-0.8096330275229358,1.7982233502538072,2.4496644295302015,6.427685950413223,3.6079545454545454,4.968181818181818,3.7453416149068324,2.730952380952381,2.5277777777777777
2023-12-03,-0.9308755760368663,1.677295918367347,2.293918918918919,6.427685950413223,3.6079545454545454,4.842987804878049,3.609375,3.0485436893203883,2.62111801242236
2023-12-04,-1.6342592592592593,0.6842783505154639,0.8826530612244898,5.5,1.7142857142857142,3.692901234567901,2.4145569620253164,2.110294117647059,2.6444099378881987
2023-12-05,-1.8298611111111112,1.3461538461538463,1.7297297297297298,6.6384297520661155,2.2134146341463414,3.6226993865030677,2.35062893081761,1.053921568627451,2.734472049689441
2023-12-06,-2.610981308411215,-0.5867346938775511,0.01174496644295302,5.432377049180328,-1.2202380952380953,1.298780487804878,-0.0234375,-1.2573529411764706,0.675
2023-12-07,-3.5478971962616823,-1.0399484536082475,-0.7281879194630873,5.442622950819672,-3.8452380952380953,0.700920245398773,-0.6446540880503144,-2.15,0.16455696202531644
2023-12-08,-2.782258064516129,-0.5803571428571429,-0.1357615894039735,6.064516129032258,-3.8452380952380953,1.2257575757575758,-0.09006211180124224,-2.2475247524752477,0.7125
2023-12-09,-2.721064814814815,-0.5012820512820513,-0.03,6.064516129032258,-3.8452380952380953,1.3307926829268293,0.009375,-2.11,0.8176100628930818
2023-12-10,-2.5492957746478875,-0.2760416666666667,0.27380952380952384,5.975609756097561,-3.8452380952380953,1.5154320987654322,0.1819620253164557,-2.1725,0.7914012738853503
2023-12-11,-3.5011682242990654,-0.20442708333333334,0.28378378378378377,6.122950819672131,-3.8452380952380953,1.6003086419753085,0.2689873417721519,-2.145,0.6582278481012658
2023-12-12,-2.4656398104265405,-0.2925531914893617,0.8706896551724138,5.395299145299146,-0.6190476190476191,1.4620253164556962,-0.13709677419354838,-1.9489795918367347,1.017628205128205
2023-12-13,-2.5766509433962264,-0.42857142857142855,0.7482758620689656,5.327586206896552,-1.6761363636363635,1.2893081761006289,-0.30288461538461536,-2.0975,0.8455414012738853
2023-12-14,-1.1011904761904763,1.0930851063829787,1.428082191780822,7.8652173913043475,-1.6761363636363635,2.4622641509433962,0.8926282051282052,-1.0866336633663367,1.4731012658227849
2023-12-15,-0.6880841121495327,1.6950261780104712,2.192953020134228,8.667372881355933,-1.6761363636363635,3.2468944099378882,1.7120253164556962,-0.220873786407767,2.1816770186335406
2023-12-16,-0.6880841121495327,1.6950261780104712,2.192953020134228,8.667372881355933,-1.6761363636363635,3.2468944099378882,1.7120253164556962,-0.220873786407767,2.1816770186335406
2023-12-17,-0.8559523809523809,1.86096256684492,2.506849315068493,9.232456140350877,-1.6726190476190477,3.484076433121019,1.9139610389610389,-0.019801980198019802,2.259493670886076
2023-12-18,-1.2763157894736843,1.1263297872340425,1.5629251700680271,8.291666666666666,-1.6726190476190477,2.5996835443037973,1.2175324675324675,0.04455445544554455,2.314873417721519
2023-12-19,-1.492822966507177,0.8856382978723404,1.042808219178082,7.685840707964601,-0.9011627906976745,2.634375,1.2708333333333333,0.03712871287128713,2.7927215189873418
2023-12-20,-1.3654761904761905,1.1329787234042554,1.053082191780822,8.245495495495495,-0.02976190476190476,2.5339506172839505,1.2468152866242037,0.058823529411764705,3.087025316455696
2023-12-21,-1.2560096153846154,0.6356382978723404,0.4126712328767123,9.174311926605505,0.3902439024390244,1.9567901234567902,0.6512738853503185,0.12254901960784313,2.8312101910828025
2023-12-22,-0.8133971291866029,0.4407894736842105,0.3656462585034014,8.686936936936936,-0.31547619047619047,1.7149390243902438,0.41823899371069184,0.05825242718446602,2.7721518987341773
2023-12-23,-0.8133971291866029,0.4407894736842105,0.3656462585034014,8.686936936936936,-0.31547619047619047,1.7149390243902438,0.41823899371069184,0.05825242718446602,2.7721518987341773
2023-12-24,-0.9609756097560975,0.24059139784946237,-0.23103448275862068,8.045871559633028,-0.31547619047619047,1.5140625,-0.00641025641025641,0.3811881188118812,2.590909090909091
2023-12-25,-0.10572139303482588,0.7989130434782609,0.4807692307692308,8.49074074074074,0.96875,2.248407643312102,0.7173202614379085,0.6212121212121212,2.776315789473684
2023-12-26,-1.2613636363636365,0.19444444444444445,-0.31115107913669066,8.766826923076923,0.96875,1.6762820512820513,0.7728758169934641,-0.30612244897959184,2.751677852348993
2023-12-27,-2.71356783919598,-1.1111111111111112,-1.8496376811594204,7.581730769230769,0.7195121951219512,0.16987179487179488,-0.7630718954248366,-0.39646464646464646,1.174496644295302
2023-12-28,-2.669642857142857,-1.0353107344632768,-1.039855072463768,7.725961538461538,1.3154761904761905,0.0967741935483871,-0.84375,-0.1377551020408163,1.9846938775510203
2023-12-29,-3.0,-1.3041666666666667,-1.2553571428571428,7.559523809523809,1.058139534883721,-0.2310126582278481,-1.1596774193548387,-0.23484848484848486,1.6016666666666666
2023-12-30,-3.0,-1.3041666666666667,-1.2553571428571428,7.559523809523809,1.058139534883721,-0.2310126582278481,-1.1596774193548387,-0.23484848484848486,1.6016666666666666
2023-12-31,-2.818527918781726,-1.8286516853932584,-1.931159420289855,6.670673076923077,1.058139534883721,-0.8157051282051282,-1.7679738562091503,-0.14285714285714285,1.674496644295302
2024-01-01,-2.6335978835978837,-1.9195906432748537,-2.1571969696969697,6.866336633663367,1.058139534883721,-0.027960526315789474,-0.9899328859060402,0.10416666666666667,1.7086206896551723
2024-01-02,-2.339095744680851,-1.3426470588235293,-2.1571969696969697,6.866336633663367,1.058139534883721,0.6341059602649006,-0.32094594594594594,0.10416666666666667,1.4160958904109588
2024-01-03,-2.0161290322580645,-0.9732142857142857,-1.6134615384615385,6.9975,2.7202380952380953,0.9666666666666667,0.011904761904761904,0.17105263157894737,1.2825342465753424
2024-01-04,0.30601092896174864,0.44642857142857145,-0.625,7.202020202020202,7.142045454545454,2.5566666666666666,0.9606164383561644,0.47606382978723405,2.162671232876712
2024-01-05,0.8449197860962567,0.9985380116959064,0.10902255639097744,7.017326732673268,6.722222222222222,2.495065789473684,0.918918918918919,0.3473684210526316,2.72972972972973
2024-01-06,0.8449197860962567,0.9985380116959064,0.10902255639097744,7.017326732673268,6.722222222222222,2.495065789473684,0.918918918918919,0.3473684210526316,2.72972972972973
2024-01-07,0.11216216216216217,0.8199404761904762,0.6221374045801527,6.0875,6.722222222222222,2.3238255033557045,0.7103448275862069,0.6622340425531915,2.5586206896551724
2024-01-08,0.8382352941176471,0.21029411764705883,0.21401515151515152,5.618811881188119,6.722222222222222,2.1033333333333335,0.4948630136986301,0.5904255319148937,2.160958904109589
2024-01-09,1.288978494623656,0.3165680473372781,0.4634615384615385,6.441326530612245,6.722222222222222,2.2365771812080535,0.6206896551724138,0.8913043478260869,2.0273972602739727
2024-01-10,1.9435483870967742,0.7308823529411764,0.32954545454545453,7.078282828282828,7.635869565217392,2.63,1.0948275862068966,0.875,2.501689189189189
2024-01-11,2.015873015873016,1.2630813953488371,0.5324427480916031,8.757575757575758,11.23913043478261,2.566225165562914,1.0393835616438356,0.8804347826086957,3.464765100671141
2024-01-12,1.8638743455497382,1.1048850574712643,0.33646616541353386,8.605,11.23913043478261,2.369281045751634,0.856418918918919,0.5957446808510638,3.2533112582781456
2024-01-13,1.8638743455497382,1.1048850574712643,0.33646616541353386,8.605,11.23913043478261,2.369281045751634,0.856418918918919,0.5957446808510638,3.2533112582781456
2024-01-14,0.6097883597883598,1.065406976744186,0.5795454545454546,8.280303030303031,11.23913043478261,2.3410596026490067,0.8065068493150684,0.5957446808510638,3.0033333333333334
2024-01-15,0.5775401069518716,0.5950292397660819,-0.03816793893129771,7.628865979381444,11.01063829787234,1.8133333333333332,0.25,0.5718085106382979,2.325
2024-01-16,-0.6155913978494624,-0.8470588235294118,-0.5896946564885496,6.39095744680851,11.396739130434783,1.2066666666666668,-0.3775862068965517,-0.3962765957446808,1.0866666666666667
2024-01-17,-0.7117486338797814,-1.9161676646706587,-0.8390151515151515,4.168478260869565,7.369318181818182,0.7094594594594594,-0.9143356643356644,-0.043478260869565216,-0.18877551020408162
2024-01-18,-0.22883597883597884,-1.0303468208092486,-0.26666666666666666,5.048387096774194,7.85,1.8914473684210527,0.1558219178082192,1.0376344086021505,-0.042483660130718956
2024-01-19,0.825,-1.0303468208092486,-0.26666666666666666,5.048387096774194,7.85,1.8914473684210527,0.1558219178082192,1.0376344086021505,-0.042483660130718956
2024-01-20,0.825,-1.0303468208092486,-0.26666666666666666,5.048387096774194,7.85,1.8914473684210527,0.1558219178082192,1.0376344086021505,-0.042483660130718956
2024-01-21,0.11141304347826086,-1.9419642857142858,-0.8712121212121212,3.653409090909091,7.85,0.8682432432432432,-0.9595070422535211,0.5449438202247191,-1.0439189189189189
2024-01-22,0.6401098901098901,-1.2348484848484849,-0.4076923076923077,5.155882352941177,8.55,1.3047945205479452,-0.5303571428571429,0.7357954545454546,-0.5325342465753424
2024-01-23,0.10851648351648352,-1.946969696969697,-1.2673076923076922,4.271084337349397,8.55,0.38605442176870747,-1.475177304964539,-0.35344827586206895,-1.3373287671232876
2024-01-24,0.0013812154696132596,-2.6080246913580245,-2.3464566929133857,2.1463414634146343,5.642857142857143,-0.9571917808219178,-2.8892857142857142,-0.6910112359550562,-2.0734265734265733
2024-01-25,0.6480978260869565,-1.4728915662650603,-1.169291338582677,3.574404761904762,7.121951219512195,0.011666666666666667,-1.8263888888888888,-0.0625,-1.1722972972972974
2024-01-26,0.9608108108108108,-0.2869822485207101,-1.19140625,3.485294117647059,11.44186046511628,0.6430921052631579,-1.143835616438356,-0.10483870967741936,0.17666666666666667
2024-01-27,0.9608108108108108,-0.2869822485207101,-1.19140625,3.485294117647059,11.44186046511628,0.6430921052631579,-1.143835616438356,-0.10483870967741936,0.17666666666666667
2024-01-28,0.23480662983425415,-1.2259036144578312,-2.7976190476190474,1.7225609756097562,7.121951219512195,0.285,-1.5416666666666667,-2.3049450549450547,-0.8741496598639455
2024-01-29,1.1736111111111112,-2.0327380952380953,-3.83203125,0.39197530864197533,6.5773809523809526,-1.2351973684210527,-3.0993150684931505,-2.4184782608695654,-0.6224489795918368
2024-01-30,1.9245810055865922,-1.3607784431137724,-2.8214285714285716,1.7067901234567902,7.225609756097561,-0.4867549668874172,-2.3664383561643834,-1.1895604395604396,0.25689655172413794
2024-01-31,1.8232044198895028,-1.4300595238095237,-2.9015748031496065,1.3704819277108433,6.857142857142857,-0.6405228758169934,-2.5,-1.3179347826086956,0.1660958904109589
2024-02-01,1.4590395480225988,-1.440909090909091,-2.1924603174603177,-0.012048192771084338,9.463414634146341,-0.6366666666666667,-2.5344827586206895,-1.304945054945055,-0.5086805555555556
2024-02-02,0.8967391304347826,-1.9244186046511629,-2.328846153846154,-0.6598837209302325,9.463414634146341,-1.0827922077922079,-2.9446308724832213,-2.0442708333333335,-1.015
2024-02-03,0.8967391304347826,-1.9244186046511629,-2.328846153846154,-0.6598837209302325,9.463414634146341,-1.0827922077922079,-2.9446308724832213,-2.0442708333333335,-1.015
2024-02-04,1.1819444444444445,-1.6860119047619047,-2.0238095238095237,-0.3273809523809524,9.9875,-0.7933333333333333,-2.696551724137931,-1.851063829787234,-0.7840136054421769
2024-02-05,2.2855113636363638,-1.2621951219512195,-1.3237704918032787,0.38414634146341464,9.9875,-0.7567567567567568,-2.6853146853146854,-1.9707446808510638,-0.5190972222222222
2024-02-06,2.6519886363636362,-1.210122699386503,-1.1958333333333333,0.7974683544303798,10.442307692307692,-0.6955782312925171,-2.63556338028169,-1.946808510638298,-0.4493006993006993
2024-02-07,2.4417613636363638,-1.3726993865030674,-1.4166666666666667,-0.159375,10.442307692307692,-0.8758503401360545,-2.8221830985915495,-2.270618556701031,-0.33620689655172414
2024-02-08,2.603448275862069,-1.7576219512195121,-1.93801652892562,-1.4272151898734178,8.085526315789474,-1.3057432432432432,-3.2534965034965033,-2.357142857142857,-1.0017482517482517
2024-02-09,2.377840909090909,-1.944277108433735,-2.0635245901639343,-1.4272151898734178,7.435897435897436,-1.5183333333333333,-3.446551724137931,-2.507575757575758,-1.2258620689655173
2024-02-10,2.377840909090909,-1.944277108433735,-2.0635245901639343,-1.4272151898734178,7.435897435897436,-1.5183333333333333,-3.446551724137931,-2.507575757575758,-1.2258620689655173
2024-02-11,2.335714285714286,-1.944277108433735,-2.0635245901639343,-1.4272151898734178,7.435897435897436,-1.5183333333333333,-3.446551724137931,-2.507575757575758,-1.2258620689655173
2024-02-12,2.0997109826589595,-2.3450920245398774,-2.4110169491525424,-1.0192307692307692,8.256578947368421,-1.8962585034013606,-3.8785211267605635,-3.461340206185567,-1.670774647887324
2024-02-13,0.3160919540229885,-2.855828220858896,-3.4978991596638656,-0.6151315789473685,12.164473684210526,-2.335616438356164,-3.540492957746479,-3.5357142857142856,-1.7465034965034965
2024-02-14,2.0218023255813953,-3.1671779141104293,-3.906779661016949,-1.2828947368421053,15.817567567567568,-2.683219178082192,-3.897887323943662,-3.3969072164948453,-1.5638297872340425
2024-02-15,2.8938953488372094,-3.0540123456790123,-3.7585470085470085,-1.37987012987013,16.520833333333332,-2.553448275862069,-3.773049645390071,-3.2083333333333335,-1.4214285714285715
2024-02-16,2.157303370786517,-2.742603550295858,-4.072314049586777,-0.6676829268292683,17.664473684210527,-2.2350993377483444,-3.9166666666666665,-3.5175,-1.0120689655172415
2024-02-17,2.157303370786517,-2.742603550295858,-4.072314049586777,-0.6676829268292683,17.664473684210527,-2.2350993377483444,-3.9166666666666665,-3.5175,-1.0120689655172415
2024-02-18,2.8160919540229883,-2.1666666666666665,-3.336864406779661,-0.2125,17.664473684210527,-1.9881756756756757,-3.6932624113475176,-3.461734693877551,-0.28900709219858156
2024-02-19,2.782857142857143,-2.214071856287425,-3.4,-0.24382716049382716,16.3375,-2.0433333333333334,-3.727272727272727,-3.515,-0.30809859154929575
2024-02-20,3.1954022988505746,-0.7260479041916168,-1.3291666666666666,1.1728395061728396,16.275,-0.38666666666666666,-1.9895104895104896,-3.57,0.033928571428571426
2024-02-21,2.73728813559322,-0.763235294117647,-2.105371900826446,1.4375,15.794871794871796,-0.07894736842105263,-1.6163194444444444,-4.069306930693069,0.4876760563380282
2024-02-22,1.4680555555555554,-0.44622093023255816,-2.473360655737705,2.597058823529412,17.9,0.2662337662337662,-1.832167832167832,-4.069306930693069,1.221830985915493
2024-02-23,1.125,-0.49710982658959535,-2.5284552845528454,2.4593023255813953,17.9,0.20483870967741935,-1.8836805555555556,-4.120098039215686,1.1486013986013985
2024-02-24,0.9583333333333334,-0.9244186046511628,-3.1475409836065573,2.4593023255813953,17.9,-0.26785714285714285,-1.8836805555555556,-4.883663366336633,1.1486013986013985
2024-02-25,1.1214285714285714,-0.6526946107784432,-2.9285714285714284,2.4593023255813953,18.57051282051282,0.008333333333333333,-1.6339285714285714,-4.752577319587629,1.4136690647482015
2024-02-26,1.1377840909090908,-0.4805389221556886,-4.086776859504132,3.038235294117647,20.60625,0.2,-1.4285714285714286,-3.7831632653061225,1.620503597122302
2024-02-27,1.1228571428571428,0.8660714285714286,-2.9875,5.431034482758621,21.720238095238095,1.0419463087248322,-0.5377697841726619,-2.765151515151515,3.1365248226950353
2024-02-28,0.8031609195402298,1.305722891566265,-3.1596638655462184,6.373529411764705,21.808139534883722,0.9054054054054054,-0.7517985611510791,-2.652061855670103,3.8134057971014492
2024-02-29,0.8053977272727273,1.4895209580838322,-3.1086065573770494,6.9411764705882355,20.994318181818183,1.1140939597315436,-0.5178571428571429,-2.8181818181818183,4.056159420289855
2024-03-01,1.9307909604519775,2.4415204678362574,-1.6706349206349207,8.707386363636363,20.994318181818183,1.5526315789473684,-0.017482517482517484,-2.865,5.130281690140845
2024-03-02,1.9307909604519775,2.4415204678362574,-1.6706349206349207,8.707386363636363,20.994318181818183,1.5526315789473684,-0.017482517482517484,-2.865,5.130281690140845
2024-03-03,2.3261494252873565,2.6923076923076925,-1.3951612903225807,8.948275862068966,20.994318181818183,1.8233333333333333,0.24822695035460993,-2.7702020202020203,5.4714285714285715
2024-03-04,2.2657142857142856,2.71875,-1.3922764227642277,9.261764705882353,20.994318181818183,1.685,0.10106382978723404,-2.7626262626262625,5.323214285714286
2024-03-05,0.7696629213483146,2.6407185628742513,-1.4508196721311475,9.032352941176471,21.598837209302324,1.5906040268456376,-0.010714285714285714,-2.4510309278350517,4.595070422535211
2024-03-06,1.6377840909090908,2.594311377245509,-1.378099173553719,8.941176470588236,22.357142857142858,1.5385906040268456,-0.06607142857142857,-2.5309278350515463,4.507042253521127
2024-03-07,0.5400552486187845,1.823699421965318,-2.2401574803149606,7.6686046511627906,21.197674418604652,0.954248366013072,-0.6423611111111112,-1.7196969696969697,3.5287162162162162
2024-03-08,-0.22849462365591397,1.0632022471910112,-3.1117424242424243,7.070224719101123,20.460227272727273,1.414012738853503,-0.11148648648648649,-1.9306930693069306,2.588235294117647
2024-03-09,-0.13378378378378378,1.1694915254237288,-3.0,7.070224719101123,20.460227272727273,1.5368589743589745,0.008503401360544218,-1.7725,2.7220394736842106
2024-03-10,0.09836065573770492,1.3671428571428572,-2.796511627906977,7.070224719101123,20.460227272727273,1.7662337662337662,0.23103448275862068,-1.696969696969697,2.973333333333333
2024-03-11,-0.10215053763440861,0.9562146892655368,-4.232824427480916,6.392857142857143,18.61046511627907,1.294871794871795,-0.24829931972789115,-0.9084158415841584,3.4358552631578947
2024-03-12,-1.3797297297297297,0.4758522727272727,-4.6826923076923075,6.392857142857143,20.682926829268293,1.0129870129870129,-0.5689655172413793,-0.73989898989899,3.9594594594594597
2024-03-13,-2.118279569892473,-0.3107344632768362,-5.615384615384615,5.06043956043956,20.682926829268293,0.11129032258064517,-1.5154109589041096,-2.12,3.001677852348993
2024-03-14,-2.1657608695652173,-0.5326704545454546,-6.787109375,3.615168539325843,20.682926829268293,-0.22258064516129034,-1.86986301369863,-3.227272727272727,2.758445945945946
2024-03-15,-1.077127659574468,0.5680555555555555,-6.836538461538462,3.546195652173913,20.773809523809526,0.44025157232704404,-1.1233333333333333,-3.3613861386138613,3.335
2024-03-16,-1.077127659574468,0.5680555555555555,-6.836538461538462,3.546195652173913,20.773809523809526,0.44025157232704404,-1.1233333333333333,-3.3613861386138613,3.335
2024-03-17,-1.0254010695187166,0.6312849162011173,-6.66015625,3.347826086956522,20.773809523809526,0.5110759493670886,-1.245,-3.542079207920792,3.4060402684563758
2024-03-18,-1.9472972972972973,0.2528409090909091,-5.714566929133858,3.5604395604395602,21.275,0.5665584415584416,-1.2345890410958904,-3.4318181818181817,3.3784246575342465
2024-03-19,-0.3557692307692308,0.16051136363636365,-5.525793650793651,3.96978021978022,22.435897435897434,0.27580645161290324,-1.5085034013605443,-3.744949494949495,3.524137931034483
2024-03-20,-0.5,0.5014285714285714,-5.094,3.660326086956522,21.6,0.663961038961039,-1.0655172413793104,-3.7875,3.4452054794520546
2024-03-21,-1.2950819672131149,0.4471428571428571,-5.156,3.557065217391304,21.55625,0.6022727272727273,-1.1310344827586207,-3.865,3.1581632653061225
2024-03-22,-1.4946524064171123,0.19972067039106145,-5.080078125,2.9661458333333335,21.96951219512195,0.3180379746835443,-1.3859060402684564,-3.9554455445544554,2.555
2024-03-23,-1.4946524064171123,0.19972067039106145,-5.080078125,2.9661458333333335,21.96951219512195,0.3180379746835443,-1.3859060402684564,-3.9554455445544554,2.555
2024-03-24,-1.5372340425531914,0.14583333333333334,-5.114341085271318,2.9661458333333335,21.96951219512195,0.2562893081761006,-1.44,-4.009803921568627,2.475165562913907
2024-03-25,-1.718586387434555,-0.35655737704918034,-5.691287878787879,2.1742424242424243,20.732142857142858,-0.12888198757763975,-1.825657894736842,-4.143203883495145,1.7661290322580645
2024-03-26,-0.8955026455026455,0.3360655737704918,-4.8106060606060606,3.462121212121212,20.654761904761905,0.6583850931677019,-0.9917763157894737,-3.173076923076923,2.5838709677419356
2024-03-27,-1.2367724867724867,-0.01639344262295082,-5.299242424242424,4.51010101010101,20.53048780487805,0.2577639751552795,-1.4161184210526316,-3.2738095238095237,2.167741935483871
2024-03-28,-1.1400523560209423,0.20945945945945946,-5.014814814814815,4.4681372549019605,21.2875,0.5107361963190185,-0.9787581699346405,-2.803738317757009,2.2564516129032257
2024-03-29,-1.1400523560209423,0.20945945945945946,-5.014814814814815,4.4681372549019605,21.2875,0.5107361963190185,-0.9787581699346405,-2.803738317757009,2.2564516129032257
2024-03-30,-1.1400523560209423,0.20945945945945946,-5.014814814814815,4.4681372549019605,21.2875,0.5107361963190185,-0.9787581699346405,-2.803738317757009,2.2564516129032257
2024-03-31,-1.28125,0.056451612903225805,-5.185661764705882,4.150485436893204,21.2875,0.3353658536585366,-0.9787581699346405,-2.803738317757009,2.0608974358974357
2024-04-01,-0.7971938775510204,0.49736842105263157,-4.377697841726619,4.245283018867925,21.2875,0.14053254437869822,-1.1455696202531647,-1.951834862385321,3.2357594936708862
2024-04-02,-1.1351010101010102,0.13541666666666666,-4.648936170212766,4.088785046728972,20.463414634146343,-0.060294117647058824,-1.3522012578616351,-2.047727272727273,2.7671875
2024-04-03,-2.2853535353535355,-1.05078125,-5.48404255319149,4.088785046728972,16.384615384615383,-1.4,-2.1421875,-2.189189189189189,2.03125
2024-04-04,-3.5653266331658293,-1.8255208333333333,-6.339928057553957,3.9669811320754715,16.185897435897434,-1.6769005847953216,-2.4316770186335406,-2.3482142857142856,1.3975155279503106
2024-04-05,-3.304726368159204,-1.900259067357513,-6.410714285714286,3.9669811320754715,16.185897435897434,-1.7616279069767442,-2.5169753086419755,-2.4712389380530975,1.2885802469135803
2024-04-06,-3.304726368159204,-1.900259067357513,-6.410714285714286,3.9669811320754715,16.185897435897434,-1.7616279069767442,-2.5169753086419755,-2.4712389380530975,1.2885802469135803
2024-04-07,-3.981060606060606,-1.3302631578947368,-6.030797101449275,4.397619047619048,16.185897435897434,-1.5308823529411764,-2.28125,-2.325892857142857,1.7265625
2024-04-08,-3.5229591836734695,-0.4607329842931937,-4.869642857142857,4.0495283018867925,16.185897435897434,-1.15,-1.571875,-2.537280701754386,2.739130434782609
2024-04-09,-3.700507614213198,-0.9105263157894737,-4.947841726618705,3.3990384615384617,15.97972972972973,-1.6597633136094674,-2.15,-2.4048672566371683,2.225
2024-04-10,-2.9987179487179487,-1.3544973544973544,-4.875,1.8785714285714286,12.358108108108109,-1.5591715976331362,-2.04375,-2.68859649122807,1.375
2024-04-11,-2.969543147208122,-1.8849206349206349,-4.911870503597123,1.7,12.358108108108109,-2.1523668639053253,-2.6703125,-2.513392857142857,1.3820754716981132
2024-04-12,-3.61875,-2.37890625,-4.911870503597123,0.4672897196261682,9.585526315789474,-2.699127906976744,-3.2377300613496933,-2.7610619469026547,1.1515625
2024-04-13,-3.61875,-2.37890625,-4.911870503597123,0.4672897196261682,9.585526315789474,-2.699127906976744,-3.2377300613496933,-2.7610619469026547,1.1515625
2024-04-14,-3.595959595959596,-2.3421052631578947,-4.897810218978102,0.4672897196261682,9.83108108108108,-2.661764705882353,-3.2049689440993787,-2.6763392857142856,1.240506329113924
2024-04-15,-3.332920792079208,-2.623056994818653,-4.544964028776978,0.22453703703703703,9.83108108108108,-3.0247093023255816,-3.581288343558282,-2.8370535714285716,0.2919254658385093
2024-04-16,-2.955,-2.213917525773196,-4.615107913669065,0.14351851851851852,9.83108108108108,-2.5635838150289016,-3.091463414634146,-1.926991150442478,0.8179012345679012
2024-04-17,-3.876923076923077,-3.0767195767195767,-5.2463235294117645,-0.5731132075471698,8.695945945945946,-3.7426470588235294,-4.140432098765432,-2.9070796460176993,0.643312101910828
2024-04-18,-5.80050505050505,-3.91839378238342,-5.9928057553956835,-1.2453703703703705,8.695945945945946,-3.9156976744186047,-4.317073170731708,-3.1804347826086956,-0.4580745341614907
2024-04-19,-4.998756218905473,-4.073453608247423,-6.192857142857143,-1.2453703703703705,8.695945945945946,-4.089595375722543,-4.496969696969697,-3.4461206896551726,-0.6651234567901234
2024-04-20,-4.998756218905473,-4.073453608247423,-6.192857142857143,-1.2453703703703705,8.695945945945946,-4.089595375722543,-4.496969696969697,-3.4461206896551726,-0.6651234567901234
2024-04-21,-4.9525,-4.020725388601036,-6.134892086330935,-1.2453703703703705,9.333333333333334,-4.030523255813954,-4.4375,-3.3521739130434782,-0.5807453416149069
2024-04-22,-4.238916256157635,-3.873724489795918,-6.389084507042254,-1.4386363636363637,9.333333333333334,-3.5545977011494254,-3.933734939759036,-3.7288135593220337,-1.0276073619631902
2024-04-23,-3.8223039215686274,-3.7081218274111674,-6.177083333333333,-1.1666666666666667,9.333333333333334,-3.37,-3.447289156626506,-2.643162393162393,-0.5322085889570553
2024-04-24,-4.080845771144278,-3.98840206185567,-6.882042253521127,-1.8402777777777777,9.333333333333334,-3.6875,-3.7837423312883436,-2.459051724137931,-0.8125
2024-04-25,-5.1048780487804875,-5.354381443298969,-7.061188811188811,-2.121559633027523,4.0,-4.558139534883721,-4.7024539877300615,-2.715811965811966,-2.4782608695652173
2024-04-26,-4.390625,-5.479695431472082,-7.187931034482759,-2.231818181818182,3.65,-4.712857142857143,-4.8629518072289155,-2.94327731092437,-2.647239263803681
2024-04-27,-4.390625,-5.479695431472082,-7.187931034482759,-2.231818181818182,3.65,-4.712857142857143,-4.8629518072289155,-2.94327731092437,-2.647239263803681
2024-04-28,-5.56280193236715,-5.238341968911917,-6.906028368794326,-1.885321100917431,4.220588235294118,-4.4225146198830405,-4.560185185185185,-2.72008547008547,-2.6009316770186337
2024-04-29,-6.300724637681159,-5.998737373737374,-6.977586206896552,-1.8545454545454545,2.7291666666666665,-4.501420454545454,-4.579819277108434,-3.7541322314049586,-3.2391975308641974
2024-04-30,-6.543478260869565,-5.755050505050505,-6.644827586206897,-2.346330275229358,3.0428571428571427,-4.2272727272727275,-4.289156626506024,-2.747916666666667,-2.4860248447204967
2024-05-01,-6.4110576923076925,-5.87,-6.681506849315069,-2.2314814814814814,3.0428571428571427,-4.373595505617978,-4.443452380952381,-2.985655737704918,-2.6671779141104293
2024-05-02,-6.620145631067961,-6.082070707070707,-6.859375,-2.636574074074074,2.6180555555555554,-4.641061452513966,-4.59375,-2.979338842975207,-2.809006211180124
2024-05-03,-7.013221153846154,-6.2525,-6.877586206896551,-2.69954128440367,2.6180555555555554,-4.668055555555555,-4.622781065088757,-3.0327868852459017,-3.058282208588957
2024-05-04,-7.013221153846154,-6.2525,-6.877586206896551,-2.69954128440367,2.6180555555555554,-4.668055555555555,-4.622781065088757,-3.0327868852459017,-3.058282208588957
2024-05-05,-7.354368932038835,-6.027777777777778,-6.877586206896551,-2.217289719626168,2.6180555555555554,-4.400280898876405,-4.336826347305389,-2.896694214876033,-2.845679012345679
2024-05-06,-6.734146341463415,-6.141959798994975,-6.958620689655173,-2.160377358490566,1.9391891891891893,-4.5363128491620115,-4.482142857142857,-2.9524793388429753,-3.035276073619632
2024-05-07,-6.130434782608695,-5.5783582089552235,-6.0568965517241375,-1.3846153846153846,3.236842105263158,-3.9281767955801103,-3.835294117647059,-2.7857142857142856,-2.6717791411042944
2024-05-08,-6.472222222222222,-5.841708542713568,-6.43006993006993,-1.3846153846153846,3.236842105263158,-4.2025139664804465,-4.126488095238095,-2.766949152542373,-2.7240853658536586
2024-05-09,-6.5829326923076925,-5.284825870646766,-5.772413793103448,-1.3846153846153846,2.9210526315789473,-3.6022099447513813,-4.100591715976331,-2.667372881355932,-2.082317073170732
2024-05-10,-6.4035714285714285,-5.254878048780488,-5.863945578231292,-1.6462264150943395,2.371794871794872,-3.7295081967213113,-4.230994152046784,-2.6995798319327733,-2.109090909090909
2024-05-11,-6.4035714285714285,-5.254878048780488,-5.863945578231292,-1.6462264150943395,2.371794871794872,-3.7295081967213113,-4.230994152046784,-2.6995798319327733,-2.109090909090909
2024-05-12,-6.2548076923076925,-5.150246305418719,-5.86986301369863,-1.6462264150943395,3.138157894736842,-3.595303867403315,-4.09319526627219,-2.680084745762712,-1.9401840490797546
2024-05-13,-5.299019607843137,-5.019704433497537,-5.6706896551724135,-2.661214953271028,0.5202702702702703,-3.54532967032967,-4.097058823529411,-2.611344537815126,-1.7376543209876543
2024-05-14,-6.780048076923077,-4.480676328502415,-4.585034013605442,-2.135514018691589,-2.4527027027027026,-2.904054054054054,-3.401734104046243,-1.9939024390243902,-1.2816265060240963
2024-05-15,-7.65311004784689,-4.5733173076923075,-4.714527027027027,-2.3356481481481484,-2.2777777777777777,-3.0161290322580645,-3.5186781609195403,-1.9385245901639345,-1.4161676646706587
2024-05-16,-7.334558823529412,-4.915841584158416,-4.518965517241379,-2.9490291262135924,-4.828571428571428,-3.338397790055249,-3.434593023255814,-1.7079831932773109,-1.8358895705521472
2024-05-17,-6.814320388349515,-4.41421568627451,-3.828231292517007,-1.9591346153846154,-4.828571428571428,-2.796448087431694,-2.8635057471264367,-1.75625,-1.253030303030303
2024-05-18,-6.814320388349515,-4.41421568627451,-3.828231292517007,-1.9591346153846154,-4.828571428571428,-2.796448087431694,-2.8635057471264367,-1.75625,-1.253030303030303
2024-05-19,-6.795566502463054,-4.335,-3.7395833333333335,-1.8602941176470589,-4.583333333333333,-2.671787709497207,-2.7338235294117648,-1.5280172413793103,-1.126543209876543
2024-05-20,-6.669512195121952,-4.93875,-4.496503496503497,-3.0441176470588234,-0.45454545454545453,-3.311111111111111,-3.4064327485380117,-1.652542372881356,-0.5640243902439024
2024-05-21,-6.62192118226601,-4.628140703517588,-4.1223776223776225,-2.3625,-0.06818181818181818,-3.2430555555555554,-3.334795321637427,-1.4444444444444444,-1.0277777777777777
2024-05-22,-5.322303921568627,-4.536069651741293,-3.2447916666666665,-3.3964646464646466,-3.340909090909091,-3.1565934065934065,-2.6494252873563218,-1.5546218487394958,-1.2378787878787878
2024-05-23,-5.450721153846154,-4.745121951219512,-3.1952054794520546,-4.3094059405940595,-3.107142857142857,-3.479619565217391,-2.992897727272727,-1.6666666666666667,-1.569526627218935
2024-05-24,-5.398809523809524,-4.236650485436893,-3.1952054794520546,-3.286764705882353,-3.107142857142857,-2.92027027027027,-2.4110169491525424,-0.8264462809917356,-0.9720588235294118
2024-05-25,-5.398809523809524,-4.236650485436893,-3.1952054794520546,-3.286764705882353,-3.107142857142857,-2.92027027027027,-2.4110169491525424,-0.8264462809917356,-0.9720588235294118
2024-05-26,-5.753623188405797,-4.680147058823529,-2.9405594405594404,-4.3094059405940595,-6.139705882352941,-3.400273224043716,-2.907142857142857,-1.5294117647058822,-1.4717261904761905
2024-05-27,-5.646844660194175,-5.753731343283582,-3.75,-6.448453608247423,-9.2734375,-3.9752747252747254,-3.5057471264367814,-2.1982758620689653,-2.721212121212121
2024-05-28,-5.6414634146341465,-5.9775,-3.5549645390070923,-6.668421052631579,-10.39516129032258,-3.863259668508287,-3.3858381502890174,-1.9714912280701755,-3.0348484848484847
2024-05-29,-6.5,-6.17713567839196,-3.5815217391304346,-7.88563829787234,-10.216666666666667,-4.018156424581005,-3.902941176470588,-0.859375,-2.2680722891566263
2024-05-30,-7.802184466019417,-7.300761421319797,-5.170955882352941,-10.082417582417582,-10.216666666666667,-4.660112359550562,-4.578402366863905,-0.9553571428571429,-3.5701219512195124
2024-05-31,-7.18075117370892,-7.373134328358209,-5.663043478260869,-9.478494623655914,-10.216666666666667,-4.470994475138122,-4.380813953488372,-1.1371681415929205,-3.7455357142857144
2024-06-01,-7.18075117370892,-7.373134328358209,-5.663043478260869,-9.478494623655914,-10.216666666666667,-4.470994475138122,-4.380813953488372,-1.1371681415929205,-3.7455357142857144
2024-06-02,-7.587677725118484,-7.806532663316583,-6.272058823529412,-10.434782608695652,-10.216666666666667,-4.920391061452514,-4.852941176470588,-1.0848214285714286,-4.221385542168675
2024-06-03,-5.938967136150235,-7.252475247524752,-5.39568345323741,-10.258064516129032,-6.140625,-4.279005524861878,-4.953488372093023,-0.6709401709401709,-3.407185628742515
2024-06-04,-5.3584905660377355,-6.802955665024631,-4.851063829787234,-10.173913043478262,-6.140625,-3.793956043956044,-4.4393063583815024,-0.521551724137931,-3.319277108433735
2024-06-05,-6.391148325358851,-6.590452261306533,-5.211397058823529,-10.375,-5.451612903225806,-3.6416666666666666,-4.225,-1.2934782608695652,-3.771604938271605
2024-06-06,-6.063106796116505,-6.32015306122449,-4.632575757575758,-10.596590909090908,-5.258333333333334,-4.410112359550562,-5.0461309523809526,-1.0973451327433628,-3.3852201257861636
2024-06-07,-6.525240384615385,-6.803030303030303,-4.795112781954887,-10.567415730337078,-5.935483870967742,-4.9625,-5.623529411764705,-1.1578947368421053,-4.015527950310559
2024-06-08,-6.525240384615385,-6.803030303030303,-4.795112781954887,-10.567415730337078,-5.935483870967742,-4.9625,-5.623529411764705,-1.1578947368421053,-4.015527950310559
2024-06-09,-6.9620098039215685,-7.061538461538461,-4.184615384615385,-10.264367816091953,-5.935483870967742,-5.216101694915254,-5.904191616766467,-2.777027027027027,-5.207278481012659
2024-06-10,-5.639162561576355,-6.509020618556701,-3.441860465116279,-10.258522727272727,-5.935483870967742,-4.793785310734464,-5.456586826347305,-2.777027027027027,-5.3609375
2024-06-11,-4.689655172413793,-6.541237113402062,-3.3391472868217056,-10.4375,-5.935483870967742,-4.8290960451977405,-5.494011976047904,-2.522727272727273,-5.20125786163522
2024-06-12,-5.13490099009901,-7.016839378238342,-3.2248062015503876,-10.32183908045977,-5.935483870967742,-5.340909090909091,-6.0406626506024095,-2.3886363636363637,-5.77373417721519
2024-06-13,-5.805418719211823,-7.477979274611399,-3.199612403100775,-10.744047619047619,-3.5,-5.326704545454546,-6.025602409638554,-2.4045454545454548,-6.272012578616352
2024-06-14,-5.469660194174757,-7.114795918367347,-3.5095419847328246,-10.802941176470588,-0.7348484848484849,-5.530898876404494,-6.2336309523809526,-2.524774774774775,-6.4813664596273295
2024-06-15,-5.371951219512195,-7.02051282051282,-3.5095419847328246,-10.62797619047619,-0.7348484848484849,-5.418079096045198,-6.118263473053892,-2.315909090909091,-6.4813664596273295
2024-06-16,-4.562807881773399,-6.670103092783505,-4.246124031007752,-10.61144578313253,-0.7348484848484849,-5.418079096045198,-6.118263473053892,-2.315909090909091,-6.4813664596273295
2024-06-17,-5.7155172413793105,-6.43848167539267,-4.333333333333333,-10.688271604938272,-0.9338235294117647,-5.142241379310345,-5.872727272727273,-1.9375,-6.372641509433962
2024-06-18,-4.893564356435643,-5.847368421052631,-3.439453125,-10.515625,-0.6287878787878788,-4.485549132947977,-5.2,-1.8901869158878504,-6.368670886075949
2024-06-19,-4.564676616915423,-5.552910052910053,-3.419921875,-10.205128205128204,0.25,-4.15406976744186,-4.898484848484848,-1.6990740740740742,-6.017515923566879
2024-06-20,-3.9425,-4.8962765957446805,-3.456,-10.182432432432432,-0.9453125,-3.401470588235294,-4.765432098765432,-1.688073394495413,-4.9506369426751595
2024-06-21,-3.6262135922330097,-4.847150259067358,-3.184108527131783,-10.266666666666667,2.1136363636363638,-3.39,-4.418674698795181,-1.885135135135135,-4.588509316770186
2024-06-22,-3.597560975609756,-4.822916666666667,-3.134765625,-10.266666666666667,2.1136363636363638,-3.3548850574712645,-4.387878787878788,-1.815909090909091,-4.5578125
2024-06-23,-3.18407960199005,-4.406914893617022,-2.4495967741935485,-9.729166666666666,3.1171875,-3.0190058479532165,-4.052469135802469,-1.6296296296296295,-4.0209677419354835
2024-06-24,-3.16,-4.387700534759358,-2.4858870967741935,-9.580985915492958,6.053030303030303,-2.86094674556213,-3.8984375,-1.52803738317757,-3.185064935064935
2024-06-25,-3.650990099009901,-4.8994708994708995,-2.5745967741935485,-11.8125,4.457142857142857,-3.4444444444444446,-4.5015432098765435,-1.8564814814814814,-3.8205128205128207
2024-06-26,-3.2575,-5.371052631578947,-3.0589430894308944,-12.67013888888889,3.8472222222222223,-3.8991228070175437,-5.096625766871166,-2.856818181818182,-4.037974683544304
2024-06-27,-3.4027093596059115,-4.401041666666667,-1.606,-9.95608108108108,3.8472222222222223,-2.8395953757225434,-3.971212121212121,-1.9301801801801801,-3.5377358490566038
2024-06-28,-3.9190821256038646,-4.86734693877551,-1.954724409448819,-10.25,3.8472222222222223,-3.2286931818181817,-4.3586309523809526,-2.1969026548672566,-3.9753086419753085
2024-06-29,-3.8009708737864076,-4.7474358974358974,-1.746031746031746,-10.006756756756756,3.8472222222222223,-3.085714285714286,-4.3586309523809526,-2.1969026548672566,-3.8245341614906834
2024-06-30,-3.998762376237624,-5.3359375,-2.5752032520325203,-10.746478873239436,3.8472222222222223,-3.06140350877193,-4.364329268292683,-3.127232142857143,-4.900943396226415
2024-07-01,-3.8930348258706466,-5.1636125654450264,-2.229338842975207,-11.105633802816902,4.314285714285714,-3.039473684210526,-4.341463414634147,-3.1763392857142856,-4.689873417721519
2024-07-02,-3.3131188118811883,-5.149214659685864,-2.1375,-11.105633802816902,4.314285714285714,-3.0233918128654973,-4.324695121951219,-3.1517857142857144,-4.6724683544303796
2024-07-03,-2.75,-5.037958115183246,-2.262295081967213,-10.940972222222221,4.118055555555555,-2.8991228070175437,-4.195121951219512,-3.1238938053097347,-4.799050632911392
2024-07-04,-2.82125,-4.765625,-1.8495934959349594,-10.277397260273972,5.02027027027027,-2.6075581395348837,-3.8833333333333333,-2.682017543859649,-4.471698113207547
2024-07-05,-1.7190594059405941,-4.652849740932642,-1.8495934959349594,-9.908783783783784,5.02027027027027,-2.494219653179191,-3.7575301204819276,-2.510869565217391,-4.3375
2024-07-06,-1.7190594059405941,-4.652849740932642,-1.8495934959349594,-9.908783783783784,5.02027027027027,-2.494219653179191,-3.7575301204819276,-2.510869565217391,-4.3375
2024-07-07,-1.9502487562189055,-5.351315789473684,-2.8854166666666665,-9.599315068493151,5.02027027027027,-2.6330409356725144,-4.214939024390244,-2.3008849557522124,-5.176751592356688
2024-07-08,-1.5339195979899498,-4.771052631578947,-2.1404958677685952,-8.253378378378379,4.48125,-1.9883040935672514,-3.5,-1.595132743362832,-4.330128205128205
2024-07-09,-2.03875,-4.477748691099476,-1.6885245901639345,-7.3493150684931505,6.50625,-1.6787790697674418,-3.098159509202454,-1.3761061946902655,-3.9761146496815285
2024-07-10,-2.4116915422885574,-4.143782383419689,-2.004,-7.6,6.50625,-1.3405172413793103,-2.724242424242424,-1.5775862068965518,-3.940251572327044
2024-07-11,-2.5441176470588234,-4.5025641025641026,-2.490234375,-7.3603896103896105,9.057692307692308,-1.4357142857142857,-2.5167682926829267,-1.5726495726495726,-4.688271604938271
2024-07-12,-1.9745145631067962,-4.628826530612245,-2.697674418604651,-7.8386075949367084,9.057692307692308,-1.59375,-2.6787878787878787,-1.8072033898305084,-5.024242424242424
2024-07-13,-1.9745145631067962,-4.628826530612245,-2.697674418604651,-7.8386075949367084,9.057692307692308,-1.59375,-2.6787878787878787,-1.8072033898305084,-5.024242424242424
2024-07-14,-1.695,-3.8717277486910993,-2.2797619047619047,-7.608974358974359,9.057692307692308,-1.127906976744186,-2.2080745341614905,-1.521551724137931,-4.1328125
2024-07-15,-2.68407960199005,-4.079365079365079,-1.858,-7.204545454545454,8.6125,-1.326470588235294,-2.4339622641509435,-2.459051724137931,-4.60062893081761
2024-07-16,-2.4321608040201004,-4.144946808510638,-2.028,-7.25,9.166666666666666,-1.3831360946745561,-2.5015822784810124,-2.4,-4.57120253164557
2024-07-17,-1.7777777777777777,-3.556149732620321,-2.375,-6.470394736842105,9.166666666666666,-1.511764705882353,-2.6320754716981134,-1.2171052631578947,-2.8870967741935485
2024-07-18,-3.587121212121212,-3.5401069518716577,-2.350806451612903,-6.470394736842105,9.166666666666666,-1.4941176470588236,-2.6132075471698113,-0.9269911504424779,-2.867741935483871
2024-07-19,-2.5733830845771144,-2.798941798941799,-1.257936507936508,-6.470394736842105,9.166666666666666,-0.7034883720930233,-1.7546583850931676,-0.041666666666666664,-1.984076433121019
2024-07-20,-2.5733830845771144,-2.798941798941799,-1.257936507936508,-6.470394736842105,9.166666666666666,-0.7034883720930233,-1.7546583850931676,-0.041666666666666664,-1.984076433121019
2024-07-21,-3.0982142857142856,-2.782608695652174,-0.7561475409836066,-6.324324324324325,9.166666666666666,-0.9642857142857143,-2.0605095541401273,0.5590909090909091,-1.3316993464052287
2024-07-22,-3.6941624365482233,-2.8405405405405406,-1.6864754098360655,-5.083333333333333,9.166666666666666,-0.9092261904761905,-2.3180379746835444,0.3490990990990991,-1.15359477124183
2024-07-23,-3.6931818181818183,-3.5121621621621624,-1.9314516129032258,-5.41554054054054,9.166666666666666,-1.6473214285714286,-3.1028481012658227,-0.7702702702702703,-1.9656862745098038
2024-07-24,-3.7474874371859297,-3.8502673796791442,-2.6948818897637796,-5.212328767123288,7.95625,-2.1184210526315788,-3.5760869565217392,-0.9665178571428571,-3.011217948717949
2024-07-25,-6.09875,-2.736772486772487,-3.0515873015873014,-5.883561643835616,10.6625,-1.5087209302325582,-2.919753086419753,-0.6886363636363636,-2.1598101265822787
2024-07-26,-6.190298507462686,-2.736772486772487,-3.0515873015873014,-5.883561643835616,10.6625,-1.5087209302325582,-2.919753086419753,-0.6886363636363636,-2.1598101265822787
2024-07-27,-6.190298507462686,-2.736772486772487,-3.0515873015873014,-5.883561643835616,10.6625,-1.5087209302325582,-2.919753086419753,-0.6886363636363636,-2.1598101265822787
2024-07-28,-6.016414141414141,-2.306318681318681,-3.690082644628099,-7.289285714285715,12.414473684210526,-1.834848484848485,-3.40224358974359,-0.18269230769230768,-2.029032258064516
2024-07-29,-6.375,-2.2404891304347827,-3.3381147540983607,-4.855633802816901,11.820512820512821,-1.7679640718562875,-3.3117088607594938,-1.7712264150943395,-3.078025477707006
2024-07-30,-5.82286432160804,-1.6174863387978142,-2.569672131147541,-3.3993055555555554,11.820512820512821,-1.690909090909091,-3.25,-1.6490384615384615,-2.3525641025641026
2024-07-31,-6.164572864321608,-0.5260989010989011,-1.596774193548387,-1.454225352112676,12.7,-0.08282208588957055,-1.732258064516129,0.022277227722772276,-0.8758064516129033
2024-08-01,-5.566502463054187,-0.47146739130434784,-1.5714285714285714,-1.3392857142857142,11.713414634146341,-0.24849397590361447,-1.875,0.4077669902912621,-0.8073248407643312
2024-08-02,-6.029411764705882,-0.6445945945945946,-1.81496062992126,-1.3392857142857142,11.713414634146341,-0.24849397590361447,-1.875,0.4077669902912621,-1.0079113924050633
2024-08-03,-6.029411764705882,-0.6445945945945946,-1.81496062992126,-1.3392857142857142,11.713414634146341,-0.24849397590361447,-1.875,0.4077669902912621,-1.0079113924050633
2024-08-04,-8.018203883495145,-0.842391304347826,-2.27734375,-2.176056338028169,12.56875,-0.3307926829268293,-1.982371794871795,0.6707920792079208,-1.254746835443038
2024-08-05,-8.283980582524272,-1.139945652173913,-2.396484375,-1.6986301369863013,12.121951219512194,-0.6646341463414634,-2.3333333333333335,1.688118811881188,-1.6012658227848102
2024-08-06,-7.658653846153846,-0.6764705882352942,-1.7061068702290076,-0.9,12.121951219512194,0.6196969696969697,-0.9729299363057324,2.3357843137254903,-1.0543478260869565
2024-08-07,-7.536904761904762,-2.3850267379679146,-3.7614503816793894,-2.1809210526315788,10.439024390243903,-1.3166666666666667,-2.356012658227848,0.8485576923076923,-2.4444444444444446
2024-08-08,-7.989336492890995,-1.798913043478261,-2.828846153846154,-1.8277027027027026,11.1625,-0.5289634146341463,-1.5398089171974523,1.8725961538461537,-1.787037037037037
2024-08-09,-8.64906103286385,-2.0945945945945947,-3.2385496183206106,-1.8277027027027026,11.1625,-0.5289634146341463,-1.5398089171974523,1.3166666666666667,-2.1226993865030677
2024-08-10,-8.64906103286385,-2.0945945945945947,-3.2385496183206106,-1.8277027027027026,11.1625,-0.5289634146341463,-1.5398089171974523,1.3166666666666667,-2.1226993865030677
2024-08-11,-8.570754716981131,-2.026098901098901,-3.2073643410852712,-1.7361111111111112,11.1625,-0.422360248447205,-1.448051948051948,1.5392156862745099,-2.0838509316770186
2024-08-12,-7.9014423076923075,-2.691340782122905,-3.431640625,-1.2607142857142857,10.46875,-1.2421383647798743,-2.119205298013245,1.2004950495049505,-2.9287974683544302
2024-08-13,-7.211538461538462,-2.084722222222222,-2.49609375,-0.8198529411764706,9.351190476190476,-0.56875,-1.4046052631578947,1.8774038461538463,-2.240566037735849
2024-08-14,-6.985714285714286,-1.8804945054945055,-1.7131782945736433,-1.7572463768115942,11.982142857142858,-0.35802469135802467,-1.172077922077922,1.8629807692307692,-2.0077639751552794
2024-08-15,-7.0059241706161135,-1.8920765027322404,-1.813953488372093,-3.2536764705882355,13.244318181818182,-0.3803680981595092,-1.1903225806451614,2.6738095238095236,-2.0200617283950617
2024-08-16,-6.747674418604651,-1.25,-0.5973282442748091,-3.2536764705882355,13.244318181818182,-0.18484848484848485,-0.9745222929936306,4.079439252336448,-1.665644171779141
2024-08-17,-6.747674418604651,-1.25,-0.5973282442748091,-3.2536764705882355,13.244318181818182,-0.18484848484848485,-0.9745222929936306,4.079439252336448,-1.665644171779141
2024-08-18,-7.0129716981132075,-1.7459239130434783,-1.4096153846153847,-2.821969696969697,11.226744186046512,-0.6118012422360248,-1.4444444444444444,4.235714285714286,-2.1703125
2024-08-19,-7.203791469194313,-2.523224043715847,-1.7211538461538463,-4.825757575757576,11.660714285714286,-1.49375,-2.3782894736842106,4.34375,-1.8611111111111112
2024-08-20,-6.663875598086125,-2.696132596685083,-2.813953488372093,-4.825757575757576,14.232142857142858,-1.6787974683544304,-2.585,4.58578431372549,-1.6588050314465408
2024-08-21,-6.323170731707317,-0.8541666666666666,-2.087890625,-3.3373015873015874,18.404761904761905,-0.1661392405063291,-0.9916666666666667,5.678921568627451,-0.6810897435897436
2024-08-22,-7.200721153846154,-1.576086956521739,-1.549618320610687,-5.004032258064516,15.284090909090908,-0.5234375,-1.356907894736842,5.225961538461538,-2.2140625
2024-08-23,-6.558333333333334,-1.027027027027027,-0.7803030303030303,-5.004032258064516,15.284090909090908,0.10093167701863354,-0.6944444444444444,6.128571428571429,-1.579192546583851
2024-08-24,-6.558333333333334,-1.027027027027027,-0.7803030303030303,-5.004032258064516,15.284090909090908,0.10093167701863354,-0.6944444444444444,6.128571428571429,-1.579192546583851
2024-08-25,-6.534688995215311,-0.970108695652174,-0.6984732824427481,-5.004032258064516,15.284090909090908,0.1734375,-0.6233552631578947,6.298076923076923,-1.5171875
2024-08-26,-5.144927536231884,-0.7403846153846154,-0.5557692307692308,-5.004032258064516,15.284090909090908,0.4525316455696203,-0.34,6.298076923076923,-1.259493670886076
2024-08-27,-5.202439024390244,-0.7472222222222222,-0.5775193798449613,-3.566666666666667,16.069767441860463,0.36942675159235666,-0.045,5.575980392156863,-2.453525641025641
2024-08-28,-5.096813725490196,-0.8263888888888888,-0.35546875,-4.217213114754099,16.069767441860463,0.2786624203821656,-0.14,5.644607843137255,-2.5448717948717947
2024-08-29,-5.608208955223881,-1.098314606741573,0.25992063492063494,-5.541666666666667,14.539772727272727,-0.42948717948717946,-0.8842281879194631,5.913366336633663,-2.8814935064935066
2024-08-30,-5.355392156862745,-0.5203804347826086,1.003787878787879,-6.290322580645161,17.45744680851064,-0.6466049382716049,-0.7091503267973857,5.228971962616822,-1.9287974683544304
2024-08-31,-5.355392156862745,-0.5203804347826086,1.003787878787879,-6.290322580645161,17.45744680851064,-0.6466049382716049,-0.7091503267973857,5.228971962616822,-1.9287974683544304
2024-09-01,-6.596733668341709,-0.5488826815642458,0.642578125,-5.694915254237288,16.988636363636363,-0.7911392405063291,0.030201342281879196,4.944174757281553,-2.0698051948051948
2024-09-02,-7.255,-1.1215083798882681,-0.158203125,-5.694915254237288,16.988636363636363,-1.4398734177215189,-0.6577181208053692,4.502380952380952,-2.27724358974359
2024-09-03,-7.88681592039801,-2.3222222222222224,-1.101923076923077,-6.229166666666667,16.988636363636363,-2.178343949044586,-1.5251677852348993,3.6728971962616823,-2.821656050955414
2024-09-04,-6.915841584158416,-1.2623626373626373,0.5151515151515151,-6.345833333333333,16.988636363636363,-1.606012658227848,-0.9266666666666666,5.2295454545454545,-1.6022012578616351
2024-09-05,-6.732843137254902,-0.19972826086956522,0.09210526315789473,-3.377049180327869,17.99418604651163,-0.8018867924528302,-0.08443708609271523,5.025,-0.0640625
2024-09-06,-6.966507177033493,-0.12234042553191489,0.1897810218978102,-2.75,17.99418604651163,-0.358695652173913,0.37254901960784315,4.520089285714286,0.021341463414634148
2024-09-07,-6.966507177033493,-0.12234042553191489,0.1897810218978102,-2.75,17.99418604651163,-0.358695652173913,0.37254901960784315,4.520089285714286,0.021341463414634148
2024-09-08,-7.152644230769231,-0.23663101604278075,0.26286764705882354,-3.4765625,17.99418604651163,-0.49375,0.23519736842105263,4.648648648648648,-0.10889570552147239
2024-09-09,-8.41425120772947,-0.5336021505376344,-0.41360294117647056,-4.4609375,17.99418604651163,-0.8427672955974843,-0.12748344370860928,4.763636363636364,-0.6733128834355828
2024-09-10,-6.636255924170616,1.275,2.0375,-0.7316176470588235,17.99418604651163,1.6774691358024691,2.50974025974026,5.40990990990991,0.5853658536585366
2024-09-11,-8.182464454976303,-0.3263157894736842,0.7376760563380281,-0.7316176470588235,16.041666666666668,0.290625,1.0608552631578947,5.252252252252252,-1.0978915662650603
2024-09-12,-7.198356807511737,0.69921875,2.3723776223776225,2.9305555555555554,14.7375,1.7453416149068324,2.5866013071895426,5.281531531531532,0.6449704142011834
2024-09-13,-6.565366972477064,1.1992385786802031,2.7888513513513513,3.8947368421052633,14.7375,2.3072289156626504,3.2436305732484074,4.708333333333333,0.476878612716763
2024-09-14,-6.565366972477064,1.1992385786802031,2.7888513513513513,3.8947368421052633,14.7375,2.3072289156626504,3.2436305732484074,4.708333333333333,0.476878612716763
2024-09-15,-6.408139534883721,1.3461538461538463,3.006849315068493,3.8947368421052633,15.307692307692308,2.495426829268293,3.4548387096774196,4.816371681415929,0.6359649122807017
2024-09-16,-6.716743119266055,0.8888888888888888,1.7060810810810811,3.081168831168831,14.45625,2.2981927710843375,2.613782051282051,4.633771929824562,0.5392441860465116
2024-09-17,-6.635746606334842,1.06625,1.2835570469798658,2.5865384615384617,14.878205128205128,1.8967065868263473,2.2740384615384617,4.537610619469026,-0.04310344827586207
2024-09-18,-8.028153153153154,-0.5099502487562189,0.40789473684210525,2.5865384615384617,13.5375,-0.03698224852071006,0.8286163522012578,4.420353982300885,-0.8034682080924855
2024-09-19,-8.784246575342467,0.06345177664974619,0.9446308724832215,4.080128205128205,11.320512820512821,0.6590909090909091,1.2387820512820513,5.578125,-0.45588235294117646
2024-09-20,-8.450226244343892,0.3454773869346734,1.605,4.68125,11.320512820512821,0.39156626506024095,0.9522292993630573,6.413716814159292,-0.12354651162790697
2024-09-21,-8.450226244343892,0.3454773869346734,1.605,4.68125,11.320512820512821,0.39156626506024095,0.9522292993630573,6.413716814159292,-0.12354651162790697
2024-09-22,-8.871004566210045,-0.03299492385786802,1.1182432432432432,3.4746835443037973,9.567567567567568,-0.21212121212121213,0.3173076923076923,5.578125,-1.3014705882352942
2024-09-23,-8.041666666666666,0.4477040816326531,1.1706081081081081,3.95,10.18918918918919,0.36128048780487804,0.9274193548387096,6.1022727272727275,-0.7514792899408284
2024-09-24,-7.076834862385321,0.6900510204081632,1.2216666666666667,4.671875,10.782051282051283,1.0061349693251533,1.6136363636363635,7.152380952380953,0.5982142857142857
2024-09-25,-6.585253456221198,0.1747448979591837,-0.25166666666666665,3.7753164556962027,13.0125,0.5462962962962963,1.130718954248366,5.63785046728972,-0.27058823529411763
2024-09-26,-6.2827102803738315,0.555699481865285,0.06587837837837837,3.7246835443037973,13.0125,0.809375,1.4172185430463575,6.069047619047619,0.2125748502994012
2024-09-27,-6.4467592592592595,0.3038461538461538,-0.255,3.0401234567901234,13.0125,0.5030864197530864,1.0849673202614378,5.507009345794392,-0.07396449704142012
2024-09-28,-6.408139534883721,0.38144329896907214,-0.255,3.0401234567901234,13.0125,0.5978260869565217,1.1891447368421053,5.69811320754717,0.013392857142857142
2024-09-29,-6.144366197183099,0.6770833333333334,-0.255,3.553125,13.0125,0.9575471698113207,1.5783333333333334,5.923809523809524,0.3509036144578313
2024-09-30,-6.2959905660377355,1.1171875,-0.42833333333333334,4.192073170731708,15.134146341463415,0.865506329113924,1.4848993288590604,6.281553398058253,0.2590909090909091
2024-10-01,-5.183962264150943,1.1497395833333333,0.28187919463087246,4.182098765432099,16.48076923076923,0.9050632911392406,1.5268456375838926,6.467821782178218,1.0705521472392638
2024-10-02,-4.962264150943396,1.39453125,0.5889261744966443,3.447530864197531,14.955128205128204,0.4161392405063291,1.0083892617449663,5.702970297029703,1.3588957055214723
2024-10-03,-6.079439252336448,0.9329896907216495,0.11842105263157894,2.9722222222222223,14.955128205128204,-0.13125,0.4205298013245033,5.139705882352941,1.0350609756097562
2024-10-04,-5.6782407407407405,1.2206632653061225,-0.3262987012987013,3.602409638554217,13.91875,0.22993827160493827,0.795751633986928,5.600961538461538,0.7757575757575758
2024-10-05,-5.6782407407407405,1.2206632653061225,-0.3262987012987013,3.602409638554217,13.91875,0.22993827160493827,0.795751633986928,5.600961538461538,0.7757575757575758
2024-10-06,-5.921361502347418,1.0427461139896372,-0.5844370860927153,3.1141975308641974,15.222972972972974,-0.0047169811320754715,0.48509933774834435,4.939320388349515,0.38650306748466257
2024-10-07,-5.183962264150943,1.59375,0.08609271523178808,4.073170731707317,14.340277777777779,0.5063694267515924,0.9283333333333333,6.371359223300971,1.2763975155279503
2024-10-08,-4.5,1.8234536082474226,0.2785234899328859,4.9715189873417724,14.340277777777779,0.9050632911392406,1.3427152317880795,6.242924528301887,1.51840490797546
2024-10-09,-3.289855072463768,3.3289473684210527,1.4268707482993197,6.661184210526316,16.655405405405407,2.332258064516129,2.4433333333333334,6.4904761904761905,2.5265625
2024-10-10,-3.088516746411483,4.194300518134715,2.578333333333333,8.819078947368421,18.173076923076923,3.4082278481012658,3.552287581699346,7.577830188679245,3.860248447204969
2024-10-11,-2.483490566037736,4.737244897959184,3.3055555555555554,9.990506329113924,17.20625,3.8828125,4.040322580645161,7.087962962962963,3.4938650306748467
2024-10-12,-2.483490566037736,4.737244897959184,3.3055555555555554,9.990506329113924,17.20625,3.8828125,4.040322580645161,7.087962962962963,3.4938650306748467
2024-10-13,-2.09688995215311,4.806410256410256,3.3848684210526314,9.990506329113924,17.871794871794872,3.9622641509433962,4.123376623376624,7.235981308411215,3.5694444444444446
2024-10-14,-1.9812206572769953,5.075,3.772292993630573,10.400602409638553,16.8125,4.242331288343558,4.408227848101266,6.529545454545454,3.6497005988023954
2024-10-15,-2.3848837209302327,5.0945273631840795,4.046178343949045,9.598837209302326,16.8125,4.671779141104294,4.85126582278481,5.495454545454545,2.6941176470588237
2024-10-16,-0.5046296296296297,6.099264705882353,5.595911949685535,11.419444444444444,18.841463414634145,6.157575757575757,6.273584905660377,6.5,3.9205202312138727
2024-10-17,-0.5897727272727272,5.059808612440191,4.932098765432099,9.426315789473684,16.726190476190474,5.113095238095238,5.321428571428571,4.691810344827586,2.622159090909091
2024-10-18,0.06334841628959276,5.008293838862559,4.867378048780488,9.426315789473684,16.726190476190474,4.877218934911243,5.074074074074074,4.354700854700854,2.4110169491525424
2024-10-19,0.06334841628959276,5.008293838862559,4.867378048780488,9.426315789473684,16.726190476190474,4.877218934911243,5.074074074074074,4.354700854700854,2.4110169491525424
2024-10-20,0.38940092165898615,5.179951690821256,5.675465838509317,8.462765957446809,16.726190476190474,4.921686746987952,5.1242138364779874,3.758695652173913,1.997142857142857
2024-10-21,1.1534883720930234,5.837378640776699,6.375776397515528,10.00268817204301,16.726190476190474,5.600903614457831,5.833333333333333,4.316964285714286,2.757183908045977
2024-10-22,1.9229857819905214,6.628048780487805,7.3921875,10.355263157894736,18.091463414634145,6.012195121951219,6.265923566878981,4.509009009009009,4.680882352941176
2024-10-23,2.410377358490566,6.171951219512195,7.719325153374233,10.691326530612244,18.091463414634145,6.478658536585366,7.123397435897436,4.375,4.255917159763314
2024-10-24,2.325117370892019,6.043689320388349,7.548780487804878,10.691326530612244,18.091463414634145,6.316666666666666,6.949044585987261,4.157079646017699,4.1117647058823525
2024-10-25,2.1347926267281108,5.964285714285714,7.971385542168675,11.33,18.598837209302324,6.498511904761905,7.128125,3.991228070175439,4.4375
2024-10-26,2.1347926267281108,5.964285714285714,7.971385542168675,11.33,18.598837209302324,6.498511904761905,7.128125,3.991228070175439,4.4375
2024-10-27,2.9398584905660377,5.928398058252427,7.7315950920245395,10.409090909090908,19.297619047619047,6.466463414634147,7.110576923076923,4.558035714285714,4.923076923076923
2024-10-28,3.0292056074766354,6.13768115942029,7.984756097560975,10.92,21.174418604651162,7.085329341317365,7.965189873417722,5.126086956521739,4.817647058823529
2024-10-29,3.7758215962441315,5.595410628019324,6.927469135802469,9.946078431372548,21.359756097560975,6.399700598802395,7.2405063291139244,3.8620689655172415,4.186764705882353
2024-10-30,3.4845238095238096,5.619512195121951,6.95625,9.336538461538462,22.5875,6.629573170731708,7.5,3.5,4.199404761904762
2024-10-31,3.463443396226415,5.181490384615385,6.796583850931677,8.189252336448599,22.5875,6.1062874251497,6.930379746835443,3.2586206896551726,3.986764705882353
2024-11-01,4.296728971962617,5.010714285714286,6.556748466257669,8.189252336448599,22.5875,5.883136094674557,6.684375,2.98728813559322,3.792151162790698
2024-11-02,5.576190476190476,5.460336538461538,7.156832298136646,8.839622641509434,22.5875,6.279761904761905,7.1084905660377355,2.98728813559322,4.327941176470588
2024-11-03,5.872572815533981,5.5024390243902435,6.7203125,8.19047619047619,22.57894736842105,6.6692073170731705,7.541935483870968,2.3038793103448274,4.6656626506024095
2024-11-04,4.685679611650485,4.708536585365854,5.459119496855346,6.661214953271028,22.57894736842105,4.837349397590361,5.593949044585988,1.5129310344827587,4.0685975609756095
2024-11-05,4.922330097087379,5.893203883495145,7.220125786163522,6.646788990825688,26.644736842105264,7.239393939393939,8.139423076923077,2.741228070175439,4.9573170731707314
2024-11-06,4.230676328502415,5.3329383886255926,5.884969325153374,7.204954954954955,26.644736842105264,6.689349112426036,7.5359375,1.5855263157894737,4.557228915662651
2024-11-07,5.496359223300971,6.0746445497630335,6.845092024539877,8.033482142857142,26.644736842105264,7.238235294117647,8.110248447204969,2.9583333333333335,5.5
2024-11-08,4.872037914691943,5.988317757009346,7.03030303030303,8.462389380530974,26.78205128205128,7.111271676300578,7.960365853658536,2.976293103448276,5.186390532544379
2024-11-09,4.872037914691943,5.988317757009346,7.03030303030303,8.462389380530974,26.78205128205128,7.111271676300578,7.960365853658536,2.976293103448276,5.186390532544379
2024-11-10,4.684523809523809,6.61611374407583,6.976851851851852,8.462389380530974,28.480263157894736,7.910294117647059,8.564814814814815,2.7920353982300883,5.7395209580838324
2024-11-11,3.7476415094339623,5.550233644859813,5.578787878787879,7.4252136752136755,27.5,6.771802325581396,7.696319018404908,1.6008771929824561,4.5517751479289945
2024-11-12,3.7618483412322274,4.9511627906976745,4.381736526946108,7.4258474576271185,25.54054054054054,6.020231213872832,7.0920245398773005,1.358695652173913,4.166666666666667
2024-11-13,4.155952380952381,5.204861111111111,4.736686390532545,7.870833333333334,24.728571428571428,6.703488372093023,7.251552795031056,1.3630434782608696,4.495562130177515
2024-11-14,3.1339712918660285,4.190092165898617,3.323529411764706,6.800403225806452,22.583333333333332,5.994219653179191,6.4907407407407405,-0.41163793103448276,3.5862573099415203
2024-11-15,1.8419811320754718,3.3363636363636364,2.8473837209302326,6.095238095238095,22.583333333333332,5.4957142857142856,5.952743902439025,-1.0423728813559323,3.1098265895953756
2024-11-16,1.9632701421800949,3.4600456621004567,3.002923976608187,6.095238095238095,22.583333333333332,5.4957142857142856,5.952743902439025,-0.8482905982905983,3.1098265895953756
2024-11-17,2.261904761904762,3.774193548387097,3.4008875739644973,6.402,22.583333333333332,5.913294797687861,6.404320987654321,-0.8482905982905983,2.9367647058823527
2024-11-18,1.7,3.827188940092166,4.036764705882353,6.402,20.37142857142857,5.979768786127168,6.4753086419753085,-0.11134453781512606,2.6125730994152048
2024-11-19,1.3325471698113207,2.524193548387097,4.0,6.451171875,16.25,5.033236994219653,5.464506172839506,-0.1638655462184874,1.9696531791907514
2024-11-20,3.609004739336493,2.65962441314554,3.5610119047619047,6.451171875,20.54032258064516,4.741228070175438,5.1578125,-0.8653846153846154,2.7884615384615383
2024-11-21,2.7207943925233646,1.2523041474654377,1.7645348837209303,6.073076923076923,20.54032258064516,2.9485714285714284,3.2347560975609757,-2.466666666666667,1.814327485380117
2024-11-22,3.1313953488372093,0.9600456621004566,1.5708092485549132,5.799618320610687,20.54032258064516,2.5677966101694913,2.825301204819277,-2.930327868852459,1.630813953488372
2024-11-23,3.1313953488372093,0.9600456621004566,1.5708092485549132,5.799618320610687,20.54032258064516,2.5677966101694913,2.825301204819277,-2.930327868852459,1.630813953488372
2024-11-24,2.1121495327102804,0.9600456621004566,1.5708092485549132,5.799618320610687,20.54032258064516,2.5677966101694913,2.825301204819277,-2.930327868852459,1.630813953488372
2024-11-25,2.8564814814814814,1.584090909090909,1.745639534883721,6.554924242424242,19.7265625,3.4788135593220337,3.7966867469879517,-2.951219512195122,2.4205202312138727
2024-11-26,3.811627906976744,1.1312217194570136,1.4781976744186047,6.466165413533835,22.15909090909091,3.305084745762712,3.61144578313253,-2.402,2.5886627906976742
2024-11-27,3.3539719626168223,1.8710407239819005,1.8807471264367817,6.8125,22.893939393939394,4.228813559322034,4.787878787878788,-1.7893700787401574,2.9751461988304095
2024-11-28,2.991822429906542,1.3433179723502304,1.3541666666666667,7.2538167938931295,19.158333333333335,4.416184971098266,4.567484662576687,-1.6065573770491803,2.0562130177514795
2024-11-29,2.0381944444444446,1.0522727272727272,1.151470588235294,6.849624060150376,19.158333333333335,4.1414285714285715,4.274242424242424,-1.8366935483870968,1.6715116279069768
2024-11-30,2.0813953488372094,1.0901826484018264,1.2011834319526626,6.849624060150376,19.158333333333335,4.206896551724138,4.344512195121951,-1.7926829268292683,1.7236842105263157
2024-12-01,2.2593457943925235,1.246559633027523,1.4047619047619047,6.772388059701493,19.158333333333335,4.421965317919075,4.57361963190184,-1.5206611570247934,1.9279411764705883
2024-12-02,3.967857142857143,1.9537037037037037,2.3268072289156625,7.110902255639098,17.927419354838708,4.696531791907514,4.865030674846626,-0.9432773109243697,2.8452380952380953
2024-12-03,2.8261904761904764,1.1549295774647887,0.9923780487804879,7.4375,17.927419354838708,4.629360465116279,4.794753086419753,-2.538793103448276,1.8303030303030303
2024-12-04,3.6850961538461537,1.1824644549763033,1.5108024691358024,6.984732824427481,17.927419354838708,5.067251461988304,5.260869565217392,-2.377155172413793,1.548780487804878
2024-12-05,3.8115942028985508,0.8329383886255924,1.328125,6.728682170542636,16.6015625,4.258670520231214,4.4003067484662575,-2.1357758620689653,1.210122699386503
2024-12-06,3.354066985645933,0.5316901408450704,0.9907407407407407,6.490384615384615,16.6015625,3.8528571428571428,3.9681818181818183,-2.2796610169491527,0.8298192771084337
2024-12-07,3.640625,0.7995283018867925,0.9907407407407407,6.976744186046512,16.6015625,4.198275862068965,4.335365853658536,-2.2796610169491527,1.1757575757575758
2024-12-08,4.141304347826087,1.2772511848341233,1.6180124223602483,7.8125,16.6015625,4.800578034682081,4.975460122699387,-2.2796610169491527,1.7926829268292683
2024-12-09,2.3024390243902437,-0.48564593301435405,-0.6949685534591195,5.944,15.454545454545455,2.29796511627907,2.3194444444444446,-3.1512605042016806,1.0909090909090908
2024-12-10,4.014778325123153,1.0968899521531101,1.0174050632911393,5.791666666666667,15.454545454545455,3.8135838150289016,3.9279141104294477,-1.671487603305785,3.5655487804878048
2024-12-11,3.103233830845771,0.20893719806763286,0.20411392405063292,4.38508064516129,17.941176470588236,3.070809248554913,3.1395705521472395,-1.7663934426229508,2.4614197530864197
2024-12-12,3.144278606965174,0.6329268292682927,-0.6483870967741936,5.399590163934426,17.941176470588236,2.7485380116959064,2.7098765432098766,-1.4791666666666667,3.812111801242236
2024-12-13,2.6820388349514563,0.2392857142857143,-0.9378980891719745,4.524,17.941176470588236,2.21875,2.1526946107784433,-1.7540983606557377,3.053030303030303
2024-12-14,2.6820388349514563,0.2392857142857143,-0.9378980891719745,4.524,17.941176470588236,2.21875,2.1526946107784433,-1.7540983606557377,3.053030303030303
2024-12-15,2.6683168316831685,0.1783980582524272,-0.3944805194805195,5.034274193548387,19.053030303030305,1.8395953757225434,2.346969696969697,-1.5520833333333333,3.2607361963190185
2024-12-16,2.591708542713568,-0.12745098039215685,0.0196078431372549,5.3638211382113825,19.053030303030305,2.078488372093023,2.600609756097561,-1.5375,3.765527950310559
2024-12-17,3.8341708542713566,0.7857142857142857,0.5784313725490197,5.3638211382113825,20.859375,3.175438596491228,3.754601226993865,-1.665289256198347,3.75
2024-12-18,4.3159203980099505,-0.48792270531400966,-0.9342948717948718,3.870967741935484,16.639705882352942,1.9655172413793103,2.4759036144578315,-2.737704918032787,2.0903614457831323
2024-12-19,5.33743842364532,0.5502392344497608,-1.105095541401274,3.473360655737705,16.639705882352942,3.1704545454545454,3.732142857142857,-2.1108870967741935,3.3511904761904763
2024-12-20,5.3914634146341465,0.6481042654028436,-0.9544025157232704,3.473360655737705,16.639705882352942,3.7175141242937855,4.3017751479289945,-2.1108870967741935,3.4397058823529414
2024-12-21,5.3914634146341465,0.6481042654028436,-0.9544025157232704,3.473360655737705,16.639705882352942,3.7175141242937855,4.3017751479289945,-2.1108870967741935,3.4397058823529414
2024-12-22,5.012254901960785,0.7956730769230769,-0.8343949044585988,3.802521008403361,18.328125,3.94683908045977,4.552710843373494,-2.063008130081301,3.6736526946107784
2024-12-23,4.959756097560976,2.110576923076923,0.9076433121019108,3.973913043478261,19.508064516129032,4.945086705202312,5.6030303030303035,-1.9035433070866141,2.799698795180723
2024-12-24,5.109068627450981,2.243961352657005,1.8461538461538463,3.973913043478261,16.825,4.945086705202312,5.6030303030303035,-0.752,3.8765243902439024
2024-12-25,4.974264705882353,2.429611650485437,1.8461538461538463,4.324561403508772,16.825,5.183139534883721,5.8567073170731705,-0.752,3.8765243902439024
2024-12-26,6.522058823529412,2.478048780487805,1.9064516129032258,4.830357142857143,16.825,5.257309941520468,5.938650306748467,-0.37398373983739835,3.946319018404908
2024-12-27,6.764563106796117,2.758454106280193,2.53525641025641,4.460176991150442,16.825,5.5606936416184976,6.512195121951219,0.43548387096774194,4.28030303030303
2024-12-28,6.764563106796117,2.758454106280193,2.53525641025641,4.460176991150442,16.825,5.5606936416184976,6.512195121951219,0.43548387096774194,4.28030303030303
2024-12-29,6.53921568627451,2.495121951219512,2.8129032258064517,4.004504504504505,13.956896551724139,5.828488372093023,6.800613496932515,0.43548387096774194,4.553353658536586
2024-12-30,4.603448275862069,2.1551724137931036,1.7012987012987013,3.3378378378378377,10.175,5.461764705882353,6.425465838509317,1.4475806451612903,3.336890243902439
2024-12-31,3.967233009708738,1.6856796116504855,1.3317307692307692,4.154017857142857,11.28448275862069,5.563583815028902,6.898148148148148,2.304,2.7365269461077846
2025-01-01,4.204207920792079,2.0541871921182264,1.8137254901960784,4.385135135135135,11.28448275862069,6.072058823529412,7.466981132075472,2.6239837398373984,2.9803030303030305
2025-01-02,3.4443069306930694,1.3780788177339902,1.7434640522875817,3.5795454545454546,11.0,5.264705882352941,6.60377358490566,1.8831967213114753,2.7379518072289155
2025-01-03,2.773170731707317,0.7402912621359223,1.4161290322580644,2.767699115044248,9.508333333333333,4.630813953488372,5.909937888198757,1.19,2.424107142857143
2025-01-04,2.773170731707317,0.7402912621359223,1.4161290322580644,2.767699115044248,9.508333333333333,4.630813953488372,5.909937888198757,1.19,2.424107142857143
2025-01-05,2.1002475247524752,0.32389162561576357,0.743421052631579,2.0545454545454547,9.508333333333333,4.319117647058824,5.5927672955974845,0.19715447154471544,1.7033132530120483
2025-01-06,1.8409090909090908,0.3573232323232323,0.9089403973509934,2.0545454545454547,9.508333333333333,4.358433734939759,5.814935064935065,0.2478813559322034,1.5509259259259258
2025-01-07,1.21125,-0.2575,0.756578947368421,2.1811926605504586,2.2419354838709675,3.7335329341317367,5.132258064516129,0.9978991596638656,0.603030303030303
2025-01-08,0.12125,-0.6992574257425742,0.27124183006535946,1.4772727272727273,-0.7931034482758621,3.158284023668639,4.495222929936306,1.5433884297520661,0.4322289156626506
2025-01-09,0.1306532663316583,-0.80125,0.1490066225165563,1.3287037037037037,-0.08928571428571429,2.7005988023952097,4.019354838709678,2.7041666666666666,1.356060606060606
2025-01-10,0.9455445544554455,-1.051980198019802,-0.19444444444444445,0.981651376146789,-1.3448275862068966,2.3594674556213016,3.6480891719745223,2.5516528925619837,1.2530120481927711
2025-01-11,0.9455445544554455,-1.051980198019802,-0.19444444444444445,0.981651376146789,-1.3448275862068966,2.3594674556213016,3.6480891719745223,2.5516528925619837,1.2530120481927711
2025-01-12,1.2601522842639594,-1.336734693877551,-0.5391156462585034,0.4206730769230769,-0.5178571428571429,2.2286585365853657,3.549342105263158,3.2094017094017095,1.171875
2025-01-13,1.3686224489795917,-1.535897435897436,-0.34290540540540543,0.6862745098039216,-0.5178571428571429,1.6280487804878048,3.0811258278145695,3.810924369747899,0.9433962264150944
2025-01-14,2.4564102564102566,-1.4961139896373057,-0.5051020408163265,-1.3494897959183674,-4.2407407407407405,0.8858024691358025,2.435,2.8205128205128207,1.0238853503184713
2025-01-15,1.1108247422680413,-1.0117801047120418,-0.4503424657534247,0.0,2.0555555555555554,1.420807453416149,2.895,3.893162393162393,1.8232484076433122
2025-01-16,1.5215736040609138,-0.33419689119170987,0.42567567567567566,1.7291666666666667,2.0555555555555554,2.3871951219512195,3.9019607843137254,4.713983050847458,2.80625
2025-01-17,1.4675,-0.2715736040609137,0.5314569536423841,1.77,1.7589285714285714,2.9231927710843375,4.4564516129032254,5.1921487603305785,3.196319018404908
2025-01-18,1.4675,-0.2715736040609137,0.5314569536423841,1.77,1.7589285714285714,2.9231927710843375,4.4564516129032254,5.1921487603305785,3.196319018404908
2025-01-19,0.3055555555555556,-0.6794871794871795,0.008389261744966443,0.7777777777777778,1.7589285714285714,2.4771341463414633,3.9983660130718954,5.1921487603305785,2.7453416149068324
2025-01-20,0.14676616915422885,-1.0459183673469388,-0.6198630136986302,0.59,-0.8793103448275862,3.5533536585365852,5.151960784313726,5.6344537815126055,1.8810975609756098
2025-01-21,3.2055837563451774,-1.2731958762886597,-1.0138888888888888,0.03571428571428571,-4.482142857142857,3.003067484662577,4.209150326797386,5.626050420168068,2.0061349693251533
2025-01-22,3.666243654822335,-0.8730964467005076,-0.3698630136986301,0.6608910891089109,-1.325,3.4006024096385543,4.730645161290322,6.293388429752066,2.5393939393939395
2025-01-23,3.5114795918367347,-1.1951530612244898,-1.2517123287671232,-0.6138613861386139,-3.8620689655172415,2.772590361445783,4.058064516129032,5.959349593495935,1.8072289156626506
2025-01-24,3.1381909547738696,-1.4974874371859297,-1.4493243243243243,-1.4495192307692308,-3.8620689655172415,2.3461538461538463,3.5775316455696204,5.61,1.5967261904761905
2025-01-25,3.1381909547738696,-1.4974874371859297,-1.4493243243243243,-1.3349514563106797,-3.8620689655172415,2.3461538461538463,3.5775316455696204,5.762096774193548,1.5967261904761905
2025-01-26,2.2066326530612246,-2.1135204081632653,-2.2810344827586206,-2.9603960396039604,-7.571428571428571,1.8590909090909091,2.8967741935483873,5.570833333333334,1.2984848484848486
2025-01-27,0.5685279187817259,-3.0,-2.9222972972972974,-3.053030303030303,-8.583333333333334,0.5707831325301205,1.5192307692307692,5.040983606557377,-0.15269461077844312
2025-01-28,0.9949238578680203,-2.611111111111111,-2.296979865771812,-2.667525773195876,-8.583333333333334,1.032934131736527,2.004777070063694,5.733739837398374,0.28869047619047616
2025-01-29,3.014925373134328,-1.2908415841584158,-1.0612582781456954,-1.0078125,-5.080645161290323,2.5205882352941176,3.5671875,5.96,0.7544378698224852
2025-01-30,1.9304878048780487,-1.3555825242718447,-1.153225806451613,0.3611111111111111,-9.356060606060606,3.3575581395348837,4.442901234567901,6.01008064516129,0.05232558139534884
2025-01-31,1.603864734299517,-1.4519230769230769,-1.2179487179487178,0.3611111111111111,-9.356060606060606,3.1882183908045976,4.25,5.734126984126984,0.4928571428571429
2025-02-01,1.603864734299517,-1.2342995169082125,-0.9258064516129032,0.8392857142857143,-9.356060606060606,3.1882183908045976,4.25,5.734126984126984,0.4928571428571429
2025-02-02,2.3345588235294117,-0.946078431372549,-0.238562091503268,1.8404255319148937,-9.356060606060606,3.6096491228070176,4.717391304347826,5.836,0.5359195402298851
2025-02-03,1.436881188118812,-1.3880597014925373,-1.0579470198675496,2.8516483516483517,-12.386363636363637,2.2852941176470587,3.3171875,5.214285714285714,0.3241279069767442
2025-02-04,1.90375,-1.614795918367347,-0.6615646258503401,2.0702247191011236,-12.386363636363637,1.9653614457831325,3.003205128205128,5.257936507936508,-0.08235294117647059
2025-02-05,2.743811881188119,-2.013888888888889,-1.2046979865771812,2.0702247191011236,-14.028571428571428,1.4523809523809523,2.444620253164557,4.253968253968254,-1.1476608187134503
2025-02-06,3.56875,-1.7335858585858586,-1.6942567567567568,1.1320224719101124,-15.382352941176471,1.7827380952380953,2.926751592356688,4.59251968503937,-0.6111111111111112
2025-02-07,2.3719512195121952,-2.379353233830846,-2.4283333333333332,0.7722222222222223,-15.382352941176471,1.0941176470588236,2.1761006289308176,4.976923076923077,-0.23419540229885058
2025-02-08,2.3719512195121952,-2.379353233830846,-2.4283333333333332,0.7722222222222223,-15.382352941176471,1.0941176470588236,2.1761006289308176,4.976923076923077,-0.23419540229885058
2025-02-09,3.490049751243781,-1.2448979591836735,-0.9708904109589042,2.954022988505747,-14.3671875,1.7696969696969698,2.6129032258064515,5.603174603174603,1.026470588235294
2025-02-10,3.4665841584158414,0.00902061855670103,-0.2887323943661972,4.825581395348837,-15.098484848484848,3.299079754601227,4.064935064935065,6.754,1.900887573964497
2025-02-11,2.6914634146341463,-0.4339378238341969,-0.7482142857142857,3.976470588235294,-15.098484848484848,2.5521472392638036,3.8983870967741936,6.563492063492063,1.5419161676646707
2025-02-12,4.5588235294117645,1.0299479166666667,1.2589928057553956,5.422839506172839,-13.9296875,3.5848765432098766,4.9935064935064934,7.119918699186992,2.1234756097560976
2025-02-13,4.599282296650718,2.404450261780105,1.713768115942029,5.521604938271605,-15.088235294117647,3.595679012345679,5.00487012987013,7.4573170731707314,1.8136363636363637
2025-02-14,4.380331753554502,2.187823834196891,1.425,5.521604938271605,-15.088235294117647,3.326219512195122,4.703525641025641,7.334677419354839,1.5703592814371257
2025-02-15,4.380331753554502,2.187823834196891,1.425,5.521604938271605,-15.088235294117647,3.326219512195122,4.703525641025641,7.334677419354839,1.5703592814371257
2025-02-16,3.9523809523809526,1.7083333333333333,0.7571942446043165,5.521604938271605,-15.088235294117647,2.76840490797546,4.125806451612903,6.75,1.3015151515151515
2025-02-17,4.411483253588517,1.8223684210526316,0.177007299270073,5.098101265822785,-15.088235294117647,2.7808641975308643,4.1477272727272725,6.081967213114754,1.4294478527607362
2025-02-18,2.545238095238095,1.3079896907216495,-0.08273381294964029,4.348765432098766,-15.55,2.3515151515151516,3.6703821656050954,5.786290322580645,0.8413173652694611
2025-02-19,3.496394230769231,3.0338541666666665,0.9577205882352942,6.777777777777778,-15.55,3.901840490797546,5.317741935483871,6.76875,2.0089820359281436
2025-02-20,2.8125,2.9479166666666665,0.6131386861313869,6.512345679012346,-16.81756756756757,3.8006134969325154,5.211290322580645,7.891666666666667,1.8802395209580838
2025-02-21,2.1860189573459716,2.4846938775510203,0.16428571428571428,5.984939759036145,-16.81756756756757,3.2365269461077846,4.693037974683544,7.359756097560975,1.3742690058479532
2025-02-22,2.1860189573459716,2.4846938775510203,0.16428571428571428,5.984939759036145,-16.81756756756757,3.2365269461077846,4.693037974683544,7.359756097560975,1.3742690058479532
2025-02-23,1.5817307692307692,1.9574742268041236,0.16428571428571428,4.682926829268292,-17.131944444444443,2.4713855421686746,3.893312101910828,7.465163934426229,0.7559171597633136
2025-02-24,0.235781990521327,3.116580310880829,1.0567375886524824,5.40625,-17.131944444444443,3.3990963855421685,4.874203821656051,6.9,1.8976608187134503
2025-02-25,0.6296296296296297,3.9987373737373737,1.583916083916084,5.40625,-16.85,3.2810650887573964,4.524844720496894,8.915322580645162,3.44
2025-02-26,1.1181192660550459,3.5625,0.9845890410958904,4.262195121951219,-16.71527777777778,2.7792397660818713,4.16358024691358,8.380952380952381,3.2286931818181817
2025-02-27,1.9639639639639639,4.23019801980198,1.1802721088435375,4.088414634146342,-18.006756756756758,3.6647398843930636,5.0807926829268295,8.931102362204724,3.4477401129943503
2025-02-28,1.6061946902654867,3.7936893203883497,0.540268456375839,2.8343373493975905,-20.28846153846154,2.105337078651685,4.565476190476191,8.932692307692308,3.18232044198895
2025-03-01,1.6155555555555556,3.8292682926829267,0.5675675675675675,2.9115853658536586,-20.28846153846154,2.1370056497175143,4.61377245508982,8.932692307692308,3.2194444444444446
2025-03-02,1.7163677130044843,4.021039603960396,0.7672413793103449,3.067901234567901,-20.32236842105263,2.3304597701149423,4.864329268292683,9.330078125,3.4279661016949152
2025-03-03,1.0418502202643172,2.6322115384615383,0.47128378378378377,2.4136904761904763,-18.65625,1.0168539325842696,3.412202380952381,8.634469696969697,2.2041666666666666
2025-03-04,1.8495670995670996,1.846244131455399,0.5049668874172185,2.646551724137931,-15.762195121951219,-0.9571823204419889,1.280701754385965,8.193609022556391,1.861413043478261
2025-03-05,1.4025974025974026,2.322274881516588,0.8708609271523179,2.875,-12.725609756097562,-0.4273743016759777,1.8683431952662721,7.916666666666667,1.7706043956043955
2025-03-06,0.7891949152542372,2.3679906542056073,0.8944805194805194,2.005813953488372,-10.041666666666666,-1.1899441340782122,1.0606508875739644,8.201923076923077,1.298342541436464
2025-03-07,0.5241596638655462,2.2523255813953487,0.7435483870967742,1.7241379310344827,-10.041666666666666,-1.3083333333333333,0.9220588235294118,7.967557251908397,1.1675824175824177
2025-03-08,0.5241596638655462,2.2523255813953487,0.7435483870967742,1.7241379310344827,-10.041666666666666,-1.3083333333333333,0.9220588235294118,7.967557251908397,1.1675824175824177
2025-03-09,0.7414893617021276,2.4504716981132075,0.9901315789473685,1.9912790697674418,-9.768292682926829,-1.13135593220339,1.1497005988023952,8.4296875,0.7067039106145251
2025-03-10,1.2882978723404255,2.474056603773585,1.1766666666666667,2.8764367816091956,-7.784883720930233,-0.981638418079096,1.3083832335329342,8.46875,0.7346368715083799
2025-03-11,0.21548117154811716,2.5174418604651163,1.2798013245033113,3.034090909090909,-10.351190476190476,-0.8820224719101124,1.400297619047619,8.338582677165354,0.8145604395604396
2025-03-12,-0.5169491525423728,1.352803738317757,1.5066666666666666,0.34770114942528735,-10.726744186046512,-1.4745762711864407,0.7859281437125748,7.869140625,-0.5718232044198895
2025-03-13,0.24364406779661016,2.9166666666666665,1.5100671140939597,2.0436046511627906,-5.805555555555555,-0.16714285714285715,2.2,7.84251968503937,1.1536312849162011
2025-03-14,-1.0435684647302905,2.3715277777777777,1.216887417218543,0.75,-5.805555555555555,-0.3983050847457627,1.9266467065868262,7.401162790697675,0.9129834254143646
2025-03-15,-1.0435684647302905,2.3715277777777777,1.216887417218543,0.75,-5.805555555555555,-0.3983050847457627,1.9266467065868262,7.401162790697675,0.9129834254143646
2025-03-16,-1.009375,2.425581395348837,1.2866666666666666,0.75,-5.805555555555555,-0.34801136363636365,1.9939759036144578,7.53125,0.9694444444444444
2025-03-17,-1.2123430962343096,2.4918604651162792,1.610738255033557,0.75,-4.127659574468085,-0.26704545454545453,2.0798192771084336,7.738095238095238,1.0421348314606742
2025-03-18,-0.11506276150627615,3.1527777777777777,2.805,1.6839080459770115,-4.558510638297872,0.2840909090909091,2.664156626506024,7.660714285714286,2.6889204545454546
2025-03-19,-2.183609958506224,1.7305045871559632,1.65625,1.6839080459770115,-5.1875,-0.8589385474860335,1.5461309523809523,5.16796875,0.7171428571428572
2025-03-20,-2.0185185185185186,1.9773755656108598,1.5359477124183007,1.9101123595505618,-3.0408163265306123,-0.9412568306010929,1.4026162790697674,5.2727272727272725,1.0407303370786516
2025-03-21,-2.1144578313253013,1.9314159292035398,0.5403225806451613,0.20604395604395603,-3.0408163265306123,-0.3355614973262032,1.4328571428571428,4.606343283582089,0.7994505494505495
2025-03-22,-2.1144578313253013,1.9314159292035398,0.5403225806451613,0.20604395604395603,-3.0408163265306123,-0.3355614973262032,1.4328571428571428,4.606343283582089,0.7994505494505495
2025-03-23,-3.058641975308642,0.9988636363636364,-0.8926174496644296,0.20604395604395603,-4.111702127659575,-1.3519021739130435,0.376453488372093,4.655769230769231,0.8184357541899442
2025-03-24,-3.6864754098360657,0.2873303167420814,-1.9283333333333332,-0.9027777777777778,-4.111702127659575,-2.141891891891892,-0.47832369942196534,3.427480916030534,-0.05416666666666667
2025-03-25,-3.6963562753036436,0.018973214285714284,-2.2253289473684212,-0.9027777777777778,-4.111702127659575,-2.422872340425532,-0.8068181818181818,3.2161654135338344,-0.31868131868131866
2025-03-26,-4.441295546558704,0.5711111111111111,-1.3986928104575163,0.20604395604395603,-4.111702127659575,-1.7526455026455026,-0.10028248587570622,3.0708955223880596,0.3620218579234973
2025-03-27,-4.8221544715447155,0.171875,-2.2287581699346406,0.3159340659340659,-4.111702127659575,-2.2406914893617023,-0.8177966101694916,2.123134328358209,-0.1304945054945055
2025-03-28,-4.785714285714286,-0.5548245614035088,-2.2,-0.7744565217391305,-1.9427083333333333,-2.2171052631578947,-0.8086592178770949,2.848148148148148,-0.4797297297297297
2025-03-29,-4.785714285714286,-0.5548245614035088,-2.2,-0.7744565217391305,-1.9427083333333333,-2.2171052631578947,-0.8086592178770949,2.848148148148148,-0.4797297297297297
2025-03-30,-4.026,-0.11894273127753303,-1.5681818181818181,0.31043956043956045,0.13297872340425532,-1.7023809523809523,-0.2542134831460674,2.123134328358209,0.058423913043478264
2025-03-31,-4.645582329317269,-0.9037610619469026,-2.542483660130719,-1.6153846153846154,-0.734375,-2.654255319148936,-1.5167597765363128,1.4053030303030303,-0.9098360655737705
2025-04-01,-5.132411067193676,-1.5043478260869565,-3.203525641025641,-1.6153846153846154,-1.7346938775510203,-3.3372395833333335,-2.2581967213114753,0.6925925925925925,-1.6483957219251337
2025-04-02,-4.934055118110236,-1.301948051948052,-2.732142857142857,-2.6739130434782608,-1.046875,-3.0854922279792745,-1.8265027322404372,1.4301470588235294,-1.413978494623656
2025-04-03,-5.4015748031496065,-0.9585152838427947,-2.741830065359477,-1.853932584269663,-0.35106382978723405,-2.828125,-1.5480769230769231,1.712686567164179,-1.414864864864865
2025-04-04,-5.639846743295019,-0.5106837606837606,-2.048076923076923,-1.853932584269663,3.7448979591836733,-2.770408163265306,-1.5147849462365592,1.712686567164179,-1.9448924731182795
2025-04-05,-5.639846743295019,-0.5106837606837606,-2.048076923076923,-1.853932584269663,3.7448979591836733,-2.770408163265306,-1.5147849462365592,1.712686567164179,-1.9448924731182795
2025-04-06,-5.957854406130268,-0.43991416309012876,-1.9516129032258065,-1.853932584269663,3.7448979591836733,-2.6974358974358976,-1.5147849462365592,1.8533834586466165,-1.8635135135135135
2025-04-07,-7.376908396946565,-2.052350427350427,-3.7435483870967743,-1.853932584269663,6.367021276595745,-3.723076923076923,-2.59005376344086,0.5208333333333334,-2.6154891304347827
2025-04-08,-7.213207547169811,-2.2553418803418803,-5.136513157894737,-2.3401162790697674,6.367021276595745,-4.062176165803109,-2.933423913043478,0.14097744360902256,-2.667119565217391
2025-04-09,-6.526951672862453,-1.6077405857740585,-4.725961538461538,-3.5441176470588234,10.188775510204081,-2.83248730964467,-1.282085561497326,1.6203703703703705,-1.8373015873015872
2025-04-10,-6.768587360594796,-0.9666666666666667,-3.774193548387097,-3.1517857142857144,11.161458333333334,-1.5520304568527918,0.05614973262032086,2.4416058394160585,-1.212041884816754
2025-04-11,-7.2951263537906135,-0.5387755102040817,-3.03125,-3.078488372093023,11.161458333333334,-1.02875,0.5815789473684211,3.1035714285714286,-0.6778350515463918
2025-04-12,-7.2951263537906135,-0.5387755102040817,-3.03125,-3.078488372093023,11.161458333333334,-1.02875,0.5815789473684211,3.1035714285714286,-0.6778350515463918
2025-04-13,-6.870909090909091,-0.1762295081967213,-2.490566037735849,-1.7819767441860466,12.974489795918368,-0.5866834170854272,0.9223684210526316,3.407608695652174,0.2994791666666667
2025-04-14,-7.353260869565218,0.06910569105691057,-2.490566037735849,0.53125,14.715,-0.78375,0.7081151832460733,3.7875,0.09067357512953368
2025-04-15,-6.990842490842491,0.19032921810699588,-3.0496794871794872,0.199438202247191,12.974489795918368,-1.2538071065989849,0.2393617021276596,3.3786764705882355,-0.28174603174603174
2025-04-16,-8.530109489051094,-0.3409090909090909,-3.9,-1.7238372093023255,12.974489795918368,-1.594871794871795,-0.10215053763440861,2.6481481481481484,-0.9797297297297297
2025-04-17,-7.612727272727272,0.5950413223140496,-2.4631410256410255,-0.25588235294117645,13.375,-0.5344387755102041,1.0013368983957218,2.41044776119403,-0.837431693989071
2025-04-18,-7.612727272727272,0.5950413223140496,-2.4631410256410255,-0.25588235294117645,13.375,-0.5344387755102041,1.0013368983957218,2.41044776119403,-0.837431693989071
2025-04-19,-7.612727272727272,0.5950413223140496,-2.4631410256410255,-0.25588235294117645,13.375,-0.5344387755102041,1.0013368983957218,2.41044776119403,-0.837431693989071
2025-04-20,-7.88929889298893,0.4180672268907563,-2.625,-0.5061728395061729,15.25,-1.0272020725388602,0.5095108695652174,2.41044776119403,-0.5491573033707865
2025-04-21,-9.454044117647058,0.02531645569620253,-2.703525641025641,-0.184375,15.25,-1.6171875,-0.10109289617486339,1.9814814814814814,-1.1390449438202248
2025-04-22,-10.417870036101084,-0.4726890756302521,-2.91025641025641,-1.5416666666666667,14.022222222222222,-1.9895833333333333,-0.5665760869565217,1.044776119402985,-1.6536312849162011
2025-04-23,-10.501798561151078,-0.2415966386554622,-2.6130573248407645,-1.9415584415584415,12.722222222222221,-1.5706806282722514,-0.12158469945355191,1.9266917293233083,-1.4986033519553073
2025-04-24,-10.052678571428572,0.196875,-2.3306962025316458,-1.0584415584415585,12.722222222222221,-0.5523560209424084,0.9412568306010929,2.7371323529411766,-1.6147540983606556
2025-04-25,-10.38918439716312,-0.01037344398340249,-2.3306962025316458,-1.6826923076923077,12.722222222222221,-0.80859375,0.6657608695652174,2.7371323529411766,-1.6147540983606556
2025-04-26,-10.070284697508896,-0.01037344398340249,-2.3306962025316458,-1.6826923076923077,12.722222222222221,-0.80859375,0.6657608695652174,2.7371323529411766,-1.6147540983606556
2025-04-27,-8.96286231884058,0.888771186440678,-1.0196078431372548,-1.2171052631578947,14.372093023255815,0.15558510638297873,1.7055555555555555,3.539772727272727,-0.46769662921348315
2025-04-28,-8.790322580645162,1.0451680672268908,-1.1866883116883118,-1.5375,14.372093023255815,0.17763157894736842,1.7115384615384615,3.044230769230769,-1.372191011235955
2025-04-29,-9.882299270072993,0.6745689655172413,-2.2649006622516556,-3.26875,12.333333333333334,-1.2150537634408602,0.2907303370786517,2.7440944881889764,-0.597457627118644
2025-04-30,-10.960332103321033,0.579295154185022,-1.6739864864864864,-5.116883116883117,16.73125,-2.2868852459016393,-0.8042857142857143,3.2868217054263567,0.22238372093023256
2025-05-01,-11.313186813186814,0.0043859649122807015,-1.8277027027027026,-6.639240506329114,15.024390243902438,-2.983695652173913,-1.5411931818181819,3.0232558139534884,-1.117732558139535
2025-05-02,-11.844545454545454,0.14021739130434782,-1.595,-6.089506172839506,13.803571428571429,-2.427027027027027,-0.9675141242937854,2.7211538461538463,-0.9252873563218391
2025-05-03,-11.784671532846716,0.26419213973799127,-1.4161073825503356,-6.089506172839506,13.803571428571429,-2.286684782608696,-0.8125,2.9612403100775193,-0.7673410404624278
2025-05-04,-11.452205882352942,0.3267543859649123,-1.1064189189189189,-6.954268292682927,15.207317073170731,-2.2226775956284155,-0.7371428571428571,3.7244094488188977,-0.49709302325581395
2025-05-05,-10.422445255474452,1.0119047619047619,0.23333333333333334,-5.925595238095238,13.904761904761905,-1.1891891891891893,0.326271186440678,5.207364341085271,0.42142857142857143
2025-05-06,-12.260909090909092,0.2834051724137931,-0.40939597315436244,-8.11046511627907,15.018292682926829,-2.086021505376344,-0.384180790960452,4.928846153846154,0.03248587570621469
2025-05-07,-12.287003610108304,0.2222222222222222,-0.11092715231788079,-7.8882352941176475,15.018292682926829,-1.5685483870967742,0.05898876404494382,5.0484496124031,-0.18220338983050846
2025-05-08,-11.458333333333334,0.8531914893617021,0.2913907284768212,-7.66764705882353,15.018292682926829,0.04946524064171123,1.7402234636871508,3.883720930232558,-1.0310734463276836
2025-05-09,-11.096774193548388,2.051041666666667,1.6057692307692308,-3.997159090909091,15.267441860465116,0.9210526315789473,2.6222527472527473,5.051136363636363,0.09776536312849161
2025-05-10,-11.496402877697841,1.641213389121339,0.9709677419354839,-5.192528735632184,15.267441860465116,0.9210526315789473,2.6222527472527473,5.051136363636363,-0.46348314606741575
2025-05-11,-12.078237410071942,0.8619246861924686,0.695859872611465,-6.652298850574713,16.547619047619047,0.08333333333333333,1.7569060773480663,4.1856060606060606,-1.25
2025-05-12,-11.672101449275363,1.2186192468619246,0.46337579617834396,-7.661931818181818,20.34090909090909,0.45,2.1304945054945055,4.536538461538462,-2.023876404494382
2025-05-13,-12.327338129496402,1.0763598326359833,0.12025316455696203,-7.661931818181818,18.83888888888889,0.5568783068783069,2.251381215469613,5.265267175572519,-1.1823204419889504
2025-05-14,-10.91117216117216,1.1966527196652719,0.8401898734177216,-6.804597701149425,23.068181818181817,1.5542328042328042,3.292817679558011,5.608527131782946,0.05726256983240224
2025-05-15,-10.68592057761733,1.3935950413223142,1.1428571428571428,-7.21067415730337,21.711111111111112,2.005235602094241,3.7445355191256833,5.217557251908397,-0.3901098901098901
2025-05-16,-10.943548387096774,1.0,0.5567484662576687,-7.872222222222222,21.711111111111112,1.5012953367875648,3.2,4.9772727272727275,-0.8926630434782609
2025-05-17,-10.81474820143885,1.1965020576131686,0.8487654320987654,-7.872222222222222,21.711111111111112,1.7526041666666667,3.4714673913043477,4.9772727272727275,-0.8926630434782609
2025-05-18,-11.048913043478262,1.052685950413223,0.6196319018404908,-7.747191011235955,21.711111111111112,1.7736842105263158,3.5123626373626373,5.0576923076923075,-1.0942622950819672
2025-05-19,-11.162769784172662,0.9887295081967213,0.5383435582822086,-7.508426966292135,21.57777777777778,1.8854166666666667,3.610054347826087,5.26953125,-1.1554054054054055
2025-05-20,-11.36913357400722,0.8693415637860082,1.5015337423312884,-9.525862068965518,21.57777777777778,2.151315789473684,3.9065934065934065,5.8,-1.3247282608695652
2025-05-21,-10.703900709219859,0.4651639344262295,0.8963414634146342,-9.850574712643677,22.204545454545453,1.6282722513089005,3.5027472527472527,5.089147286821706,-1.6013513513513513
2025-05-22,-10.383928571428571,0.745850622406639,1.2052469135802468,-9.755813953488373,22.204545454545453,2.0066489361702127,3.838888888888889,5.397637795275591,-1.2637362637362637
2025-05-23,-10.068021201413428,0.9754098360655737,1.5363636363636364,-10.488636363636363,22.902173913043477,2.2801047120418847,4.094262295081967,4.763461538461539,-0.9283783783783783
2025-05-24,-9.97695035460993,1.126543209876543,1.5363636363636364,-10.198275862068966,22.902173913043477,2.4802631578947367,4.313186813186813,4.763461538461539,-0.7391304347826086
2025-05-25,-9.648381294964029,0.8506224066390041,1.133435582822086,-10.198275862068966,21.18888888888889,2.140957446808511,3.9791666666666665,5.042635658914729,-1.6837016574585635
2025-05-26,-9.678571428571429,0.0379746835443038,0.6265432098765432,-9.98876404494382,19.565217391304348,2.377688172043011,3.558988764044944,1.9606299212598426,-3.5463483146067416
2025-05-27,-10.397977941176471,-0.0189873417721519,0.5652173913043478,-9.9,20.266666666666666,2.6945945945945944,3.7331460674157304,1.66796875,-3.856145251396648
2025-05-28,-10.922794117647058,-0.5907172995780591,0.5138888888888888,-9.228260869565217,20.86111111111111,1.9635135135135136,2.973314606741573,1.2043650793650793,-4.031944444444444
2025-05-29,-10.76660516605166,-0.6627659574468086,0.9130434782608695,-9.008064516129032,24.738372093023255,2.9326923076923075,2.8792613636363638,0.7701612903225806,-4.383426966292135
2025-05-30,-10.06959706959707,0.18670886075949367,2.128834355828221,-9.008064516129032,24.738372093023255,3.4631147540983607,3.4279661016949152,2.3452380952380953,-4.572625698324022
2025-05-31,-10.06959706959707,0.18670886075949367,2.128834355828221,-9.008064516129032,24.738372093023255,3.4631147540983607,3.4279661016949152,2.3452380952380953,-4.572625698324022
2025-06-01,-9.390037593984962,1.5228260869565218,2.702830188679245,-8.8,25.3109756097561,4.744350282485875,4.752923976608187,2.8688524590163933,-3.2414285714285715
2025-06-02,-10.05916030534351,2.3046875,3.332802547770701,-9.419540229885058,23.44375,6.969653179190751,7.058383233532934,3.43125,-2.948529411764706
2025-06-03,-9.698275862068966,1.8688888888888888,2.8662420382165603,-9.761111111111111,21.48076923076923,6.379310344827586,6.446428571428571,3.4098360655737703,-2.7748538011695905
2025-06-04,-8.543774319066149,2.6356502242152464,3.982258064516129,-8.758426966292134,18.25,7.998571428571428,8.122781065088757,3.317073170731707,-1.1991279069767442
2025-06-05,-8.607142857142858,2.4233333333333333,3.660828025477707,-9.629213483146067,20.24390243902439,6.935028248587571,7.02046783625731,3.528688524590164,-1.4295977011494252
2025-06-06,-8.567490494296578,3.1773127753303965,3.660828025477707,-9.629213483146067,20.24390243902439,7.457865168539326,7.561046511627907,3.528688524590164,-0.4133522727272727
2025-06-07,-8.567490494296578,3.1773127753303965,3.660828025477707,-9.629213483146067,20.24390243902439,7.457865168539326,7.561046511627907,3.528688524590164,-0.4133522727272727
2025-06-08,-9.435576923076923,2.6132286995515694,3.043269230769231,-10.60632183908046,19.596153846153847,6.598571428571429,6.673076923076923,2.4745762711864407,-1.2281976744186047
2025-06-09,-8.784046692607005,2.2861990950226243,2.546474358974359,-12.089285714285714,20.341463414634145,6.155714285714286,6.601190476190476,3.6134453781512605,-1.8854166666666667
2025-06-10,-7.7451923076923075,3.679372197309417,4.25,-12.223214285714286,23.426829268292682,7.66,8.168154761904763,5.82563025210084,-0.008823529411764706
2025-06-11,-7.357558139534884,3.5304054054054053,5.832298136645963,-10.464285714285714,19.5,7.446531791907514,7.951807228915663,6.025210084033613,0.08187134502923976
2025-06-12,-5.56949806949807,5.087053571428571,7.4817073170731705,-8.880813953488373,19.5,8.675287356321839,9.229041916167665,8.580578512396695,1.6557142857142857
2025-06-13,-5.776923076923077,4.8,7.075757575757576,-9.46264367816092,19.5,8.285714285714286,8.819940476190476,8.580578512396695,1.3082386363636365
2025-06-14,-5.776923076923077,4.8,7.075757575757576,-9.46264367816092,19.5,8.285714285714286,8.819940476190476,8.580578512396695,1.3082386363636365
2025-06-15,-5.729571984435798,4.997747747747748,7.142638036809816,-9.46264367816092,18.736486486486488,8.601744186046512,9.159090909090908,8.925,1.502857142857143
2025-06-16,-7.212745098039216,5.644009216589862,7.658805031446541,-9.46264367816092,23.292857142857144,9.3698224852071,9.970679012345679,10.195378151260504,0.7892441860465116
2025-06-17,-6.849409448818897,5.459302325581396,7.748427672955975,-9.46264367816092,25.0,9.390060240963855,9.8078125,11.859913793103448,0.7442196531791907
2025-06-18,-7.277888446215139,5.036729857819905,7.627388535031847,-10.188953488372093,22.727272727272727,8.936728395061728,9.34775641025641,11.608407079646017,0.10502958579881656
2025-06-19,-7.14616935483871,4.884615384615385,8.289808917197453,-8.630952380952381,22.727272727272727,8.06875,9.041935483870967,11.88716814159292,0.061377245508982034
2025-06-20,-7.920634920634921,4.158018867924528,7.80503144654088,-9.133720930232558,22.727272727272727,7.051829268292683,7.968553459119497,11.365217391304348,-0.7266081871345029
2025-06-21,-7.920634920634921,4.158018867924528,7.80503144654088,-9.133720930232558,22.727272727272727,7.051829268292683,7.968553459119497,11.365217391304348,-0.7266081871345029
2025-06-22,-7.785856573705179,4.375592417061611,8.262738853503185,-9.195402298850574,22.727272727272727,7.2975460122699385,8.227848101265822,11.831140350877194,-0.4852941176470588
2025-06-23,-7.271825396825397,5.123239436619718,9.339622641509434,-8.238888888888889,22.864285714285714,8.70398773006135,9.67879746835443,12.793859649122806,0.430635838150289
2025-06-24,-7.475393700787402,4.767441860465116,8.40566037735849,-8.793478260869565,22.82894736842105,8.196969696969697,9.14375,13.293103448275861,-0.24277456647398843
2025-06-25,-7.353682170542636,4.6336405529953915,8.3640625,-8.730978260869565,22.82894736842105,7.982035928143713,8.910493827160494,12.902542372881356,-0.27011494252873564
2025-06-26,-7.160433070866142,5.717441860465116,8.157232704402515,-6.93010752688172,20.743243243243242,8.333832335329342,9.273148148148149,12.158119658119658,0.4436416184971098
2025-06-27,-6.536538461538462,6.101809954751131,8.0609375,-7.2026315789473685,20.35625,8.981104651162791,9.911676646706587,12.464583333333334,1.094972067039106
2025-06-28,-6.536538461538462,6.101809954751131,8.0609375,-7.2026315789473685,20.35625,8.981104651162791,9.911676646706587,12.464583333333334,1.094972067039106
2025-06-29,-5.8984375,7.087557603686636,9.003184713375797,-6.255376344086022,21.942307692307693,10.322916666666666,11.317484662576687,12.878151260504202,2.202857142857143
2025-06-30,-5.690196078431373,7.50462962962963,9.273885350318471,-6.671052631578948,22.544871794871796,10.881736526946108,11.899691358024691,13.491525423728813,2.8598265895953756
2025-07-01,-5.552529182879377,7.672018348623853,8.6765625,-4.421052631578948,22.544871794871796,11.209821428571429,12.180981595092025,12.756198347107437,3.2301136363636362
2025-07-02,-4.758720930232558,7.5644796380090495,8.695652173913043,-4.402061855670103,20.475609756097562,11.048529411764706,12.003030303030304,12.441532258064516,3.171787709497207
2025-07-03,-4.534722222222222,7.173963133640553,8.081761006289309,-4.510204081632653,16.397435897435898,11.157185628742514,12.132716049382717,12.222,3.6466480446927374
2025-07-04,-4.534722222222222,7.173963133640553,8.081761006289309,-4.510204081632653,16.397435897435898,11.157185628742514,12.132716049382717,12.222,3.6466480446927374
2025-07-05,-4.154382470119522,7.173963133640553,8.081761006289309,-4.510204081632653,16.397435897435898,11.157185628742514,12.132716049382717,12.222,3.6466480446927374
2025-07-06,-2.283132530120482,9.446511627906977,9.806603773584905,-3.4545454545454546,16.397435897435898,12.79940119760479,13.825617283950617,13.127016129032258,5.769662921348314
2025-07-07,-2.4258130081300813,9.215962441314554,10.495283018867925,-3.8112745098039214,15.575,12.455089820359282,13.70496894409938,12.163934426229508,4.853107344632768
2025-07-08,-3.772727272727273,8.037081339712918,9.522435897435898,-4.1201923076923075,11.131578947368421,10.995454545454546,11.6671875,9.456611570247935,3.328034682080925
2025-07-09,-4.061475409836065,7.591232227488152,8.356012658227849,-4.485981308411215,9.56875,9.947604790419161,10.578703703703704,8.944672131147541,2.8442857142857143
2025-07-10,-3.157949790794979,7.626201923076923,8.573051948051948,-4.571428571428571,8.884146341463415,10.068181818181818,10.7109375,8.890495867768594,2.771551724137931
2025-07-11,-3.4118257261410787,7.344047619047619,8.181089743589743,-4.571428571428571,8.884146341463415,9.684131736526947,10.307098765432098,8.690573770491802,2.4900568181818183
2025-07-12,-3.440376569037657,7.414663461538462,8.287337662337663,-5.576923076923077,6.60625,9.80151515151515,10.4359375,7.93595041322314,1.9328571428571428
2025-07-13,-4.60531914893617,6.285539215686274,7.0805921052631575,-7.647058823529412,4.211538461538462,9.553680981595091,10.188291139240507,7.565126050420168,1.0363372093023255
2025-07-14,-3.9141630901287554,5.852941176470588,7.091503267973856,-7.435643564356436,3.95625,9.567073170731707,10.19811320754717,7.6,1.0982658959537572
2025-07-15,-2.9641304347826085,6.209558823529412,7.566993464052287,-7.563106796116505,3.4207317073170733,9.557575757575757,10.184375,7.603305785123967,1.4886363636363635
2025-07-16,-3.532608695652174,4.610837438423645,5.440789473684211,-9.448019801980198,3.4207317073170733,7.174242424242424,7.927672955974843,7.152083333333334,0.5649717514124294
2025-07-17,-3.5590128755364807,4.533816425120773,5.3173076923076925,-9.841346153846153,2.6726190476190474,7.395833333333333,8.143518518518519,7.455284552845528,0.013888888888888888
2025-07-18,-3.610042735042735,4.4375,5.1847133757961785,-9.895238095238096,2.6726190476190474,7.260355029585799,7.998466257668712,7.270161290322581,-0.0718232044198895
2025-07-19,-3.1963519313304722,4.942028985507246,5.858974358974359,-9.895238095238096,2.6726190476190474,7.260355029585799,7.998466257668712,7.270161290322581,-0.0718232044198895
2025-07-20,-2.933982683982684,5.317073170731708,6.37012987012987,-9.716346153846153,2.6726190476190474,7.748502994011976,8.513975155279503,7.938524590163935,0.3016759776536313
2025-07-21,-2.2136563876651985,5.247536945812808,5.538961038961039,-9.888095238095238,2.6726190476190474,7.3629518072289155,8.11574074074074,8.024390243902438,-0.07303370786516854
2025-07-22,-2.3761061946902653,5.058168316831683,5.6875,-9.516509433962264,4.512195121951219,6.938253012048193,7.680555555555555,7.553719008264463,-0.1652542372881356
2025-07-23,-3.0944444444444446,4.58,5.3907284768211925,-9.82857142857143,4.512195121951219,5.760542168674699,6.473765432098766,6.690677966101695,-0.08959537572254335
2025-07-24,-2.7144444444444447,4.675373134328358,5.150326797385621,-9.444711538461538,4.238095238095238,6.018072289156627,6.737654320987654,6.3625,-0.23714285714285716
2025-07-25,-2.8711453744493394,4.427339901477833,4.819354838709677,-9.444711538461538,4.238095238095238,5.7023809523809526,6.405487804878049,6.3625,-0.4661016949152542
2025-07-26,-2.8711453744493394,4.427339901477833,4.819354838709677,-9.444711538461538,4.238095238095238,5.7023809523809526,6.405487804878049,6.3625,-0.4661016949152542
2025-07-27,-3.1052036199095023,4.188131313131313,4.620065789473684,-9.5175,4.238095238095238,5.454268292682927,6.16875,6.3625,0.27586206896551724
2025-07-28,-3.494369369369369,3.7173366834170856,4.645424836601308,-9.035353535353535,3.6306818181818183,5.657575757575757,6.372670807453416,6.227459016393443,-0.8132183908045977
2025-07-29,-1.6024774774774775,4.682835820895522,4.532894736842105,-8.620098039215685,5.772222222222222,6.796407185628743,7.530674846625767,6.901639344262295,-0.05084745762711865
2025-07-30,-0.6538461538461539,5.16,4.316993464052287,-6.573529411764706,8.695652173913043,8.431952662721894,9.501524390243903,7.081967213114754,0.46448863636363635
2025-07-31,-0.6961883408071748,4.7625,3.976973684210526,-7.0175,9.694444444444445,7.510294117647059,8.545454545454545,7.186475409836065,0.01278409090909091
2025-08-01,-0.9867256637168141,4.875,4.134740259740259,-7.0175,8.01086956521739,6.8648255813953485,7.868263473053892,8.683467741935484,0.40168539325842695
2025-08-02,-0.6488888888888888,5.282338308457711,4.134740259740259,-6.3106060606060606,8.01086956521739,7.355263157894737,8.379518072289157,8.683467741935484,0.40168539325842695
2025-08-03,-1.262443438914027,4.714467005076142,3.0745033112582782,-7.188144329896907,9.066666666666666,6.53125,7.549079754601227,7.473140495867769,-0.35344827586206895
2025-08-04,-0.3287671232876712,5.351282051282051,3.357615894039735,-6.3563829787234045,10.420454545454545,7.301204819277109,8.04320987654321,7.654958677685951,0.30959302325581395
2025-08-05,-0.056712962962962965,5.65234375,3.052013422818792,-6.46578947368421,10.420454545454545,6.113636363636363,6.830745341614906,7.03125,-0.09210526315789473
2025-08-06,0.020930232558139535,5.87565445026178,3.9932885906040267,-6.401595744680851,10.420454545454545,5.283333333333333,5.979813664596273,7.7775423728813555,0.5857558139534884
2025-08-07,-0.37962962962962965,4.278795811518324,2.193877551020408,-8.90691489361702,9.946428571428571,4.289156626506024,4.95679012345679,6.919491525423729,-0.6428571428571429
2025-08-08,-0.75,3.7219387755102042,1.271523178807947,-8.6340206185567,9.946428571428571,3.6505847953216373,4.282934131736527,6.586065573770492,-0.9664804469273743
2025-08-09,-0.11238532110091744,3.972938144329897,1.5654362416107384,-8.442708333333334,9.946428571428571,3.7558823529411764,4.394578313253012,6.758264462809917,-0.7443502824858758
2025-08-10,-0.8023255813953488,3.2604712041884816,1.260204081632653,-7.513297872340425,5.44375,2.937125748502994,3.567484662576687,5.98125,-0.453125
2025-08-11,0.14018691588785046,3.4633507853403143,-0.5236486486486487,-6.811855670103093,5.6375,1.611764705882353,2.4515151515151516,5.8078512396694215,-0.7241379310344828
2025-08-12,-0.8785046728971962,3.277486910994764,-0.6577181208053692,-5.935567010309279,3.217948717948718,1.4029411764705881,2.2363636363636363,5.592213114754099,-1.1022727272727273
2025-08-13,-0.9071428571428571,3.143617021276596,-0.8189655172413793,-5.63659793814433,4.302631578947368,0.9851190476190477,1.8159509202453987,5.8615702479338845,-0.5578034682080925
2025-08-14,-0.6155660377358491,3.951570680628272,0.5204081632653061,-4.828282828282828,3.769230769230769,1.9254385964912282,2.769578313253012,6.571138211382114,0.4785714285714286
2025-08-15,0.46261682242990654,4.4119170984455955,1.162751677852349,-3.7747524752475248,3.59375,1.8953488372093024,2.7335329341317367,6.571138211382114,1.0197740112994351
2025-08-16,0.636150234741784,4.625,1.4172297297297298,-3.7747524752475248,3.59375,1.8953488372093024,2.7335329341317367,6.571138211382114,1.2329545454545454
2025-08-17,1.4526699029126213,5.467567567567568,1.9051724137931034,-3.5555555555555554,4.641025641025641,2.2951807228915664,3.1770186335403725,6.829918032786885,2.014792899408284
2025-08-18,0.32057416267942584,4.153743315508021,0.282312925170068,-4.522058823529412,1.1686046511627908,0.8955882352941177,1.7136363636363636,5.4375,0.7485294117647059
2025-08-19,-0.05314009661835749,5.074468085106383,1.8945578231292517,-4.617788461538462,2.9107142857142856,2.1029411764705883,2.7936746987951806,5.546370967741935,1.3517441860465116
2025-08-20,-0.43301435406698563,4.424603174603175,1.0861486486486487,-5.360576923076923,2.9107142857142856,1.6485294117647058,2.3283132530120483,5.51008064516129,1.083815028901734
2025-08-21,-0.23684210526315788,2.893421052631579,-0.8439597315436241,-4.310096153846154,3.5548780487804876,-0.03654970760233918,1.052710843373494,6.963114754098361,0.5716374269005848
2025-08-22,0.1643192488262911,2.5676020408163267,-0.42105263157894735,-3.7453271028037385,3.5548780487804876,-0.1377840909090909,0.9166666666666666,7.041666666666667,0.2895480225988701
2025-08-23,0.1643192488262911,2.5676020408163267,-0.42105263157894735,-3.7453271028037385,3.5548780487804876,-0.1377840909090909,0.9166666666666666,7.041666666666667,0.2895480225988701
2025-08-24,0.09642857142857143,2.2590673575129534,-0.8808724832214765,-3.8,4.98125,-0.7355491329479769,1.0491071428571428,7.690573770491803,0.7271428571428571
2025-08-25,0.30357142857142855,2.5595854922279795,-0.6291390728476821,-3.3389423076923075,4.98125,-0.7988505747126436,0.9733727810650887,8.024793388429751,1.0585714285714285
2025-08-26,0.8398058252427184,2.664473684210526,-0.652027027027027,-3.4356435643564356,5.175,-0.9563953488372093,0.8323353293413174,8.057851239669422,1.1482558139534884
2025-08-27,1.3219512195121952,3.543421052631579,0.0738255033557047,-1.7821782178217822,5.175,0.014534883720930232,1.8323353293413174,8.975409836065573,2.119186046511628
2025-08-28,0.8939024390243903,2.8763020833333335,-0.7284768211920529,-0.7716346153846154,5.175,0.2023121387283237,2.0148809523809526,7.6652892561983474,2.7528571428571427
2025-08-29,0.22857142857142856,2.836734693877551,-0.288961038961039,-1.445754716981132,7.041666666666667,0.2189265536723164,1.989825581395349,8.008064516129032,3.074438202247191
2025-08-30,0.22857142857142856,2.836734693877551,-0.288961038961039,-1.445754716981132,7.041666666666667,0.2189265536723164,1.989825581395349,8.008064516129032,3.074438202247191
2025-08-31,-0.7214285714285714,2.019035532994924,-1.3080645161290323,-2.911214953271028,6.337209302325581,-0.4774011299435028,1.2732558139534884,7.758,2.1731843575418996
2025-09-01,-0.5204326923076923,2.253846153846154,-1.1915584415584415,-2.4278846153846154,6.337209302325581,-0.24428571428571427,1.5338235294117648,8.223577235772357,2.293539325842697
2025-09-02,-2.3361244019138754,1.277061855670103,-2.019867549668874,-3.044811320754717,6.125,-1.1709770114942528,0.5902366863905325,8.101626016260163,1.2231638418079096
2025-09-03,-1.8151658767772512,1.7110552763819096,-0.7662337662337663,-1.337837837837838,2.7267441860465116,-0.45646067415730335,1.2673410404624277,8.670542635658915,2.0069060773480665
2025-09-04,-2.2785714285714285,0.51875,-0.9775641025641025,-1.7146017699115044,2.3125,-1.26536312849162,0.42528735632183906,8.274809160305344,0.8038674033149171
2025-09-05,-1.9511627906976745,-0.01838235294117647,-1.1455696202531647,-2.0804347826086955,2.3125,-1.7321428571428572,-0.08333333333333333,7.677238805970149,0.20540540540540542
2025-09-06,-1.9511627906976745,-0.01838235294117647,-1.1455696202531647,-2.0804347826086955,2.3125,-1.7321428571428572,-0.08333333333333333,7.677238805970149,0.20540540540540542
2025-09-07,-1.9798578199052133,-0.01,-1.1639610389610389,-1.9495614035087718,0.7619047619047619,-1.7612359550561798,-0.41235632183908044,7.132575757575758,0.3702185792349727
2025-09-08,-3.4194711538461537,-1.4292929292929293,-3.0279605263157894,-1.767391304347826,-1.9285714285714286,-3.047752808988764,-1.728448275862069,5.3977272727272725,-1.0958333333333334
2025-09-09,-4.25,-2.277638190954774,-4.120915032679738,-2.9719827586206895,-1.9285714285714286,-3.2997237569060776,-1.7514285714285713,6.100746268656716,-1.9599447513812154
2025-09-10,-3.908536585365854,-3.11734693877551,-5.216442953020135,-2.3185840707964602,0.4418604651162791,-3.823611111111111,-2.2844827586206895,4.019083969465649,-2.7798295454545454
2025-09-11,-3.218599033816425,-2.4137055837563453,-4.278333333333333,-2.004424778761062,-0.11363636363636363,-3.053867403314917,-1.497142857142857,3.8068181818181817,-2.578125
2025-09-12,-3.2632211538461537,-2.4646464646464645,-4.332781456953643,-2.0964912280701755,-0.4111111111111111,-3.105769230769231,-1.5596590909090908,3.6842105263157894,-2.634180790960452
2025-09-13,-3.2632211538461537,-2.4646464646464645,-4.332781456953643,-2.0964912280701755,-0.4111111111111111,-3.105769230769231,-1.5596590909090908,3.6842105263157894,-2.634180790960452
2025-09-14,-2.823170731707317,-2.984771573604061,-5.028333333333333,-2.0964912280701755,-0.4111111111111111,-3.675414364640884,-2.14,2.9545454545454546,-2.634180790960452
2025-09-15,-2.345771144278607,-2.707474226804124,-4.704081632653061,-2.0964912280701755,-0.8315217391304348,-3.5125698324022347,-1.953757225433526,2.7615384615384615,-2.3189655172413794
2025-09-16,-1.8321078431372548,-2.1700507614213196,-4.653061224489796,-1.8539823008849559,1.0520833333333333,-3.0755494505494507,-1.5284090909090908,3.5113636363636362,-1.7599431818181819
2025-09-17,-0.9019607843137255,-1.7462311557788945,-4.053691275167785,-1.8539823008849559,0.2653061224489796,-2.412568306010929,-0.8516949152542372,3.8244274809160306,-1.189265536723164
2025-09-18,-0.022277227722772276,-1.3058375634517767,-3.7989864864864864,-1.3423423423423424,0.2653061224489796,-1.9406077348066297,-0.3457142857142857,3.763358778625954,-0.6871428571428572
2025-09-19,-0.18226600985221675,-1.4633838383838385,-3.9916107382550337,-1.6205357142857142,0.2653061224489796,-2.1085164835164836,-0.5284090909090909,3.4886363636363638,-0.8678977272727273
2025-09-20,-0.11138613861386139,-1.3972081218274113,-3.9916107382550337,-1.5045045045045045,0.2653061224489796,-2.0400552486187844,-0.44857142857142857,3.6259541984732824,-0.79
2025-09-21,-0.3413705583756345,-2.0,-5.058620689655172,-2.087962962962963,-0.7925531914893617,-3.029494382022472,-1.444767441860465,2.996124031007752,-1.4529411764705882
2025-09-22,-0.1951530612244898,-1.8586387434554974,-4.261986301369863,-1.9583333333333333,-2.375,-2.747159090909091,-1.1338235294117647,2.5337301587301586,-0.9809941520467836
2025-09-23,-0.41237113402061853,-1.963350785340314,-4.339041095890411,-1.8356481481481481,-2.375,-2.8607954545454546,-1.2514705882352941,2.8850806451612905,-1.1758720930232558
2025-09-24,-0.9497422680412371,-2.3644736842105263,-4.084482758620689,-2.546728971962617,-2.6666666666666665,-3.3014285714285716,-1.698224852071006,2.738,-1.6169590643274854
2025-09-25,-1.6143617021276595,-3.089673913043478,-4.0625,-2.216666666666667,-3.9702380952380953,-4.298529411764706,-2.682926829268293,2.2049180327868854,-2.3984848484848484
2025-09-26,-1.6256476683937824,-3.062169312169312,-3.751689189189189,-2.3797169811320753,-3.9702380952380953,-4.066091954022989,-2.480654761904762,1.872983870967742,-2.388235294117647
2025-09-27,-1.6256476683937824,-3.062169312169312,-3.751689189189189,-2.3797169811320753,-3.9702380952380953,-4.066091954022989,-2.480654761904762,1.872983870967742,-2.388235294117647
2025-09-28,-1.2157894736842105,-2.795698924731183,-3.3586206896551722,-1.9254807692307692,-3.426829268292683,-3.793859649122807,-2.16969696969697,2.1700819672131146,-2.2232142857142856
2025-09-29,-0.8763297872340425,-2.6154891304347827,-2.9524647887323945,-1.8942307692307692,-3.426829268292683,-3.5961538461538463,-2.0884146341463414,2.7752100840336134,-2.1377245508982035
2025-09-30,-0.9852150537634409,-2.552486187845304,-2.925531914893617,-1.8627450980392157,-2.5833333333333335,-3.498502994011976,-1.9691358024691359,3.0754310344827585,-1.9033742331288344
2025-10-01,-0.2992021276595745,-2.296195652173913,-2.527972027972028,-1.9199029126213591,-2.5833333333333335,-3.2044117647058825,-1.6939393939393939,3.805084745762712,-1.6310240963855422
2025-10-02,-0.28534031413612565,-2.1697860962566846,-2.3613013698630136,-1.7075471698113207,-2.5833333333333335,-3.052023121387283,-1.5639880952380953,3.51875,-1.7708333333333333
2025-10-03,-0.9256410256410257,-2.7840314136125652,-3.052013422818792,-2.5252293577981653,-3.652439024390244,-3.4588068181818183,-2.008771929824561,3.3574380165289255,-2.2909356725146197
2025-10-04,-1.3199481865284974,-3.2063492063492065,-3.598639455782313,-3.474537037037037,-3.652439024390244,-3.925287356321839,-2.4718934911242605,3.3574380165289255,-2.757396449704142
2025-10-05,-0.9391534391534392,-2.964864864864865,-3.532758620689655,-3.1285714285714286,-3.33125,-3.679411764705882,-2.316265060240964,3.7245762711864407,-2.4757575757575756
2025-10-06,-1.3979057591623036,-3.3475935828877006,-4.011904761904762,-3.794392523364486,-3.682926829268293,-4.087209302325581,-2.75,3.527310924369748,-2.910179640718563
2025-10-07,-1.0236842105263158,-2.975806451612903,-3.564625850340136,-3.0046728971962615,-1.396341463414634,-3.7427325581395348,-2.3973214285714284,3.4871794871794872,-3.1121212121212123
2025-10-08,-1.2329842931937174,-2.9759358288770055,-3.640939597315436,-2.11697247706422,-0.96875,-3.8060344827586206,-2.4779411764705883,2.606837606837607,-3.11144578313253
2025-10-09,-0.0025906735751295338,-2.517195767195767,-3.4239864864864864,-2.3873873873873874,-0.96875,-3.2457142857142856,-1.912280701754386,3.207983193277311,-2.59375
2025-10-10,-1.917487684729064,-2.99746192893401,-3.696774193548387,-3.5369565217391306,-1.5609756097560976,-4.180939226519337,-2.7869318181818183,3.528688524590164,-3.127840909090909
2025-10-11,-1.917487684729064,-2.99746192893401,-3.696774193548387,-3.5369565217391306,-1.5609756097560976,-4.180939226519337,-2.7869318181818183,3.528688524590164,-3.127840909090909
2025-10-12,-3.3682266009852215,-3.4068877551020407,-3.6127450980392157,-3.5369565217391306,-3.7195121951219514,-4.633333333333334,-3.244285714285714,3.73125,-3.587142857142857
2025-10-13,-3.3284313725490198,-3.5994897959183674,-3.664473684210526,-3.351769911504425,-3.3625,-4.843055555555556,-3.46,3.4166666666666665,-3.802857142857143
2025-10-14,-3.2636138613861387,-3.5347938144329896,-3.5816666666666666,-3.044642857142857,-3.3625,-4.398305084745763,-3.101156069364162,3.649159663865546,-3.8908045977011496
2025-10-15,-3.9591346153846154,-3.88510101010101,-3.2384868421052633,-3.574324324324324,-2.2142857142857144,-4.6125,-3.1357142857142857,3.737704918032787,-3.731638418079096
2025-10-16,-5.408767772511848,-4.148989898989899,-3.1572847682119205,-3.465909090909091,-2.2142857142857144,-4.902777777777778,-3.434285714285714,3.896694214876033,-4.02683615819209
2025-10-17,-5.998831775700935,-4.630653266331659,-3.794407894736842,-3.465909090909091,-2.2142857142857144,-5.428176795580111,-3.9829545454545454,3.896694214876033,-4.02683615819209
2025-10-18,-5.998831775700935,-4.630653266331659,-3.794407894736842,-3.465909090909091,-2.2142857142857144,-5.428176795580111,-3.9829545454545454,3.896694214876033,-4.02683615819209
2025-10-19,-5.16627358490566,-3.720812182741117,-2.5883333333333334,-3.061926605504587,-2.686046511627907,-4.435754189944134,-3.071220930232558,4.086134453781512,-3.5876436781609193
2025-10-20,-5.689858490566038,-4.026649746192893,-3.3333333333333335,-3.415909090909091,-2.686046511627907,-4.777472527472527,-3.45,3.2296747967479673,-3.9339080459770117
2025-10-21,-5.258333333333334,-3.7997448979591835,-2.8633333333333333,-2.7409090909090907,-2.686046511627907,-4.279005524861878,-2.9238505747126435,4.030737704918033,-3.6502890173410405
2025-10-22,-5.744131455399061,-3.510152284263959,-2.4917218543046356,-3.341517857142857,-4.119318181818182,-4.045081967213115,-2.696022727272727,3.925619834710744,-3.1690751445086707
2025-10-23,-4.819575471698113,-3.2155612244897958,-2.1,-3.341517857142857,-4.119318181818182,-3.863259668508287,-2.4913793103448274,3.925619834710744,-2.8313953488372094
2025-10-24,-5.119158878504673,-3.4646464646464645,-2.4391447368421053,-3.5309734513274336,-4.119318181818182,-4.012362637362638,-2.6542857142857144,3.6905737704918034,-2.994219653179191
2025-10-25,-5.119158878504673,-3.4646464646464645,-2.4391447368421053,-3.5309734513274336,-4.119318181818182,-4.012362637362638,-2.6542857142857144,3.6905737704918034,-2.994219653179191
2025-10-26,-5.039099526066351,-3.3525641025641026,-2.3383333333333334,-3.4375,-3.880952380952381,-3.899441340782123,-2.5130813953488373,4.054621848739496,-2.8573529411764707
2025-10-27,-5.748798076923077,-4.095052083333333,-2.5625,-3.6720183486238533,-6.414634146341464,-4.71875,-3.341715976331361,3.0172413793103448,-3.7020958083832336
2025-10-28,-6.008495145631068,-3.856020942408377,-2.241496598639456,-4.47196261682243,-8.974358974358974,-5.6976744186046515,-4.548192771084337,3.234782608695652,-3.424698795180723
2025-10-29,-6.094660194174757,-3.9280104712041886,-2.2755102040816326,-4.706018518518518,-8.974358974358974,-5.777616279069767,-4.631024096385542,3.469298245614035,-3.5075301204819276
2025-10-30,-4.532608695652174,-2.761658031088083,-1.4679054054054055,-4.170454545454546,-7.427631578947368,-3.7255747126436782,-2.2320359281437128,3.0,-2.7198795180722892
2025-10-31,-3.0248815165876777,-2.2091836734693877,-0.9671052631578947,-2.5530973451327434,-9.801282051282051,-3.097457627118644,-2.323529411764706,4.151260504201681,-1.7794117647058822
2025-11-01,-3.0248815165876777,-2.2091836734693877,-0.9671052631578947,-2.5530973451327434,-9.801282051282051,-3.097457627118644,-2.323529411764706,4.151260504201681,-1.7794117647058822
2025-11-02,-2.8839712918660285,-2.0489690721649483,-0.7433333333333333,-2.5530973451327434,-9.801282051282051,-2.93,-2.1398809523809526,4.5256410256410255,-1.5892857142857142
2025-11-03,-3.9716981132075473,-2.563775510204082,-1.3042763157894737,-3.219298245614035,-11.5,-3.3110795454545454,-2.5414201183431953,4.129237288135593,-1.3941176470588235
2025-11-04,-4.984741784037559,-3.729695431472081,-2.570723684210526,-4.068965517241379,-12.678571428571429,-4.604519774011299,-3.8926470588235293,3.9600840336134455,-2.639705882352941
2025-11-05,-5.356635071090047,-4.175257731958763,-2.433333333333333,-5.434782608695652,-13.505813953488373,-5.1971428571428575,-4.501488095238095,2.6970338983050848,-3.1377245508982035
2025-11-06,-6.6875,-4.4609375,-2.420608108108108,-5.621681415929204,-13.505813953488373,-5.526011560693641,-4.835843373493976,2.560344827586207,-3.6009036144578315
2025-11-07,-6.979166666666667,-4.339743589743589,-1.95,-4.6951754385964914,-13.505813953488373,-5.373579545454546,-4.689349112426036,3.0741525423728815,-3.4763313609467454
2025-11-08,-6.979166666666667,-4.339743589743589,-1.95,-4.6951754385964914,-13.505813953488373,-5.373579545454546,-4.689349112426036,3.0741525423728815,-3.4763313609467454
2025-11-09,-7.946009389671362,-5.37109375,-1.2054794520547945,-5.231981981981982,-12.886904761904763,-4.821220930232558,-4.3102409638554215,2.394396551724138,-4.092261904761905
2025-11-10,-9.14018691588785,-5.440104166666667,-1.2962328767123288,-6.1886363636363635,-12.886904761904763,-4.72953216374269,-4.212121212121212,3.1153846153846154,-3.911676646706587
2025-11-11,-8.30299539170507,-4.780612244897959,-1.3066666666666666,-5.0285087719298245,-10.965909090909092,-4.007142857142857,-3.4763313609467454,3.9258474576271185,-3.525147928994083
2025-11-12,-7.209862385321101,-3.9076923076923076,-0.11409395973154363,-2.581140350877193,-5.911111111111111,-3.7729885057471266,-3.230654761904762,4.46218487394958,-3.1979166666666665
2025-11-13,-8.54372197309417,-4.962121212121212,-1.5533333333333332,-4.190789473684211,-6.633333333333334,-3.617897727272727,-3.0764705882352943,4.308333333333334,-4.029411764705882
2025-11-14,-9.155555555555555,-5.2123115577889445,-1.5533333333333332,-4.190789473684211,-6.633333333333334,-3.906779661016949,-3.378654970760234,4.308333333333334,-4.326023391812866
2025-11-15,-9.155555555555555,-5.2123115577889445,-1.5533333333333332,-4.190789473684211,-6.633333333333334,-3.906779661016949,-3.378654970760234,4.308333333333334,-4.326023391812866
2025-11-16,-9.032805429864254,-5.035714285714286,-1.2431972789115646,-4.008928571428571,-4.091463414634147,-3.718208092485549,-3.1706586826347305,5.142241379310345,-4.207100591715976
2025-11-17,-10.870535714285714,-6.695707070707071,-3.1615646258503403,-3.529279279279279,-4.091463414634147,-5.738636363636363,-5.272058823529412,3.939075630252101,-5.594117647058823
2025-11-18,-9.685840707964601,-5.181592039800995,-1.2195945945945945,-2.743181818181818,-0.3181818181818182,-4.304775280898877,-3.7936046511627906,3.6953781512605044,-4.938235294117647
2025-11-19,-10.839130434782609,-4.221534653465347,0.11394557823129252,-3.3018018018018016,-2.6511627906976742,-2.4745762711864407,-2.3197674418604652,3.3354166666666667,-4.320809248554913
2025-11-20,-13.366379310344827,-4.56,-1.0185810810810811,-3.7815315315315314,-2.6511627906976742,-2.2241379310344827,-2.059171597633136,3.5911016949152543,-3.5352941176470587
2025-11-21,-11.29375,-3.468599033816425,-0.743421052631579,-3.7815315315315314,-2.6511627906976742,-1.646067415730337,-1.4682080924855492,3.03781512605042,-3.2370689655172415
2025-11-22,-11.29375,-3.468599033816425,-0.743421052631579,-3.7815315315315314,-2.6511627906976742,-1.646067415730337,-1.4682080924855492,3.03781512605042,-3.2370689655172415
2025-11-23,-11.15677966101695,-3.2561576354679804,-0.3783783783783784,-3.5185185185185186,-2.6511627906976742,-1.3563218390804597,-1.165680473372781,3.622844827586207,-2.9779411764705883
2025-11-24,-11.454255319148936,-2.812807881773399,-0.6486486486486487,-3.446261682242991,-2.0,-1.4219653179190752,-1.2321428571428572,3.2780172413793105,-2.767857142857143
2025-11-25,-11.580168776371307,-3.133578431372549,-1.1023489932885906,-3.675233644859813,-0.6875,-1.5491329479768785,-1.3630952380952381,2.2130434782608694,-3.769345238095238
2025-11-26,-12.269874476987448,-3.5726600985221677,-1.6908783783783783,-3.4953271028037385,-1.461111111111111,-1.3017241379310345,-0.9613095238095238,1.5043103448275863,-4.576807228915663
2025-11-27,-11.828723404255319,-3.5575,-2.0428082191780823,-2.8666666666666667,-3.1136363636363638,-1.2441520467836258,-0.8954545454545455,1.1096491228070176,-5.094512195121951
2025-11-28,-11.339662447257384,-3.0655940594059405,-2.0428082191780823,-2.8666666666666667,-3.1136363636363638,-0.6965317919075145,-0.3323353293413174,1.0326086956521738,-4.477409638554217
2025-11-29,-11.188297872340426,-2.805,-1.6666666666666667,-2.3567961165048543,-2.645348837209302,-0.565406976744186,-0.19427710843373494,1.2456140350877194,-4.176829268292683
2025-11-30,-11.391949152542374,-2.93375,-1.5576923076923077,-2.3567961165048543,-2.645348837209302,-0.4678362573099415,-0.09090909090909091,1.4092920353982301,-4.333841463414634
2025-12-01,-9.052350427350428,-1.5825,-1.5576923076923077,0.2669902912621359,-2.1607142857142856,0.5308823529411765,0.9466463414634146,1.6272321428571428,-2.6859756097560976
2025-12-02,-7.358050847457627,-0.80375,-1.5996503496503496,-1.26,-1.26875,2.2677514792899407,2.76840490797546,1.139908256880734,-2.2251552795031055
2025-12-03,-5.2893617021276595,-0.0992462311557789,-0.7972027972027972,-0.8239795918367347,-0.9038461538461539,3.1458333333333335,3.682098765432099,2.1926605504587156,-1.4673913043478262
2025-12-04,-6.202127659574468,-0.30875,-1.6095890410958904,-1.0765306122448979,-2.402439024390244,2.751470588235294,3.2667682926829267,1.7635135135135136,-1.7083333333333333
2025-12-05,-5.613541666666666,0.4268292682926829,-0.5678807947019867,-0.265,-0.8352272727272727,3.525714285714286,4.053254437869822,1.1369565217391304,-1.5538922155688624
2025-12-06,-5.613541666666666,0.4268292682926829,-0.5678807947019867,-0.265,-0.8352272727272727,3.525714285714286,4.053254437869822,1.1369565217391304,-1.5538922155688624
2025-12-07,-5.185924369747899,0.5738916256157636,-0.3808724832214765,0.025510204081632654,-0.5523255813953488,3.7341040462427744,4.275449101796407,1.413716814159292,-1.4849397590361446
2025-12-08,-5.5094537815126055,0.41089108910891087,-0.6097972972972973,0.059895833333333336,-0.5523255813953488,3.053779069767442,3.2395833333333335,0.5495495495495496,-2.1615853658536586
2025-12-09,-6.338983050847458,0.33700980392156865,-0.7649006622516556,-0.8856382978723404,-2.9464285714285716,3.078034682080925,3.2633136094674557,1.287280701754386,-2.7772727272727273
2025-12-10,-8.514583333333333,-0.9514563106796117,-1.5562913907284768,-1.252659574468085,-2.875,1.668103448275862,1.8191176470588235,1.1065217391304347,-2.9863636363636363
2025-12-11,-7.742827868852459,-0.8401442307692307,-1.3970588235294117,-0.7526315789473684,-2.6158536585365852,1.7698863636363635,1.9215116279069768,0.9978260869565218,-3.062121212121212
2025-12-12,-8.823293172690763,-1.7712264150943395,-2.640127388535032,-2.6096938775510203,-4.369047619047619,0.9622905027932961,1.0928571428571427,0.8469827586206896,-3.7485119047619047
2025-12-13,-8.823293172690763,-1.7712264150943395,-2.640127388535032,-2.6096938775510203,-4.369047619047619,0.9622905027932961,1.0928571428571427,0.8469827586206896,-3.7485119047619047
2025-12-14,-8.779233870967742,-1.6860189573459716,-2.530448717948718,-2.6096938775510203,-3.9939024390243905,1.0786516853932584,1.2126436781609196,0.8469827586206896,-3.6526946107784433
2025-12-15,-9.98293172690763,-3.1332547169811322,-3.0955414012738856,-3.515151515151515,-6.847560975609756,-0.49022346368715086,-0.39285714285714285,-0.05043859649122807,-4.765060240963855
2025-12-16,-9.515810276679842,-3.2995391705069124,-3.8828125,-3.515151515151515,-3.4939024390243905,-2.064207650273224,-2.0041899441340782,0.9597457627118644,-4.565476190476191
2025-12-17,-9.837890625,-3.2465753424657535,-3.7901234567901234,-3.515151515151515,-2.1802325581395348,-1.7513586956521738,-1.6847222222222222,1.108974358974359,-4.830357142857143
2025-12-18,-10.102140077821012,-3.585227272727273,-3.9012345679012346,-3.696969696969697,-2.1802325581395348,-2.1621621621621623,-2.1049723756906076,0.9551282051282052,-4.992559523809524
2025-12-19,-10.102140077821012,-3.585227272727273,-3.9012345679012346,-3.696969696969697,-2.1802325581395348,-2.1621621621621623,-2.1049723756906076,0.9551282051282052,-4.992559523809524
2025-12-20,-10.102140077821012,-3.585227272727273,-3.9012345679012346,-3.696969696969697,-2.1802325581395348,-2.1621621621621623,-2.1049723756906076,0.9551282051282052,-4.992559523809524
2025-12-21,-10.404527559055119,-3.8490783410138247,-4.267295597484277,-4.296875,-2.1802325581395348,-2.5860655737704916,-2.537709497206704,0.9551282051282052,-5.365151515151515
2025-12-22,-9.97549019607843,-3.8073394495412844,-4.271875,-3.402061855670103,-2.403409090909091,-2.5434782608695654,-2.4944444444444445,0.4875,-5.185975609756097
2025-12-23,-10.0771484375,-3.7924311926605503,-4.271875,-3.2760416666666665,-2.0988372093023258,-2.525815217391304,-2.4763888888888888,0.5145833333333333,-5.166158536585366
2025-12-24,-10.075581395348838,-3.8477272727272727,-4.341049382716049,-3.2760416666666665,-2.0988372093023258,-2.6048387096774195,-2.5576923076923075,0.3442622950819672,-5.22289156626506
2025-12-25,-10.234189723320158,-3.88953488372093,-4.639240506329114,-3.1052631578947367,-2.0988372093023258,-2.7898351648351647,-2.7457865168539324,0.65625,-5.321428571428571
2025-12-26,-10.151960784313726,-3.8513824884792625,-4.578125,-3.1052631578947367,-2.0988372093023258,-2.7567934782608696,-2.7125,0.65625,-5.171296296296297
2025-12-27,-10.151960784313726,-3.8513824884792625,-4.578125,-3.1052631578947367,-2.0988372093023258,-2.7567934782608696,-2.7125,0.65625,-5.171296296296297
2025-12-28,-10.49702380952381,-4.169392523364486,-4.578125,-4.067204301075269,-2.0988372093023258,-3.1895604395604398,-3.154494382022472,-0.038135593220338986,-5.6242138364779874
2025-12-29,-9.299603174603174,-4.059859154929577,-4.433962264150943,-4.067204301075269,-2.2443181818181817,-3.0552486187845305,-3.016949152542373,0.1346153846153846,-5.6242138364779874
2025-12-30,-9.906,-4.567535545023697,-4.848726114649682,-4.453804347826087,-2.2443181818181817,-3.642458100558659,-3.617142857142857,-0.7108695652173913,-6.326433121019108
2025-12-31,-10.394153225806452,-4.76555023923445,-5.0519480519480515,-4.792134831460674,-2.2443181818181817,-3.865819209039548,-3.8453757225433525,-0.618421052631579,-6.294871794871795
2026-01-01,-10.227551020408164,-4.485436893203883,-4.423841059602649,-4.439655172413793,-1.1845238095238095,-3.757142857142857,-3.7339181286549707,-0.4823008849557522,-6.115259740259741
2026-01-02,-10.03024193548387,-4.333732057416268,-3.8186274509803924,-3.952247191011236,-1.1845238095238095,-3.591292134831461,-3.564655172413793,0.2543478260869565,-5.882165605095541
2026-01-03,-10.03024193548387,-4.333732057416268,-3.8186274509803924,-3.952247191011236,-1.1845238095238095,-3.591292134831461,-3.564655172413793,0.2543478260869565,-5.882165605095541
2026-01-04,-9.664959016393443,-3.846341463414634,-3.134228187919463,-2.7588235294117647,-0.7804878048780488,-3.0,-2.958823529411765,0.7924107142857143,-5.269607843137255
2026-01-05,-9.308884297520661,-3.3645320197044337,-2.5,-2.0180722891566263,-2.1923076923076925,-2.489825581395349,-2.4360119047619047,1.382882882882883,-3.9523026315789473
2026-01-06,-9.837809917355372,-4.39828431372549,-3.2772108843537415,-3.4642857142857144,-2.1923076923076925,-2.5578034682080926,-2.5059171597633134,1.2433035714285714,-5.326797385620915
2026-01-07,-11.042181069958847,-5.088235294117647,-3.7667785234899327,-3.5535714285714284,-2.1923076923076925,-3.183526011560694,-3.146449704142012,0.3918918918918919,-6.246732026143791
2026-01-08,-9.253177966101696,-4.59625,-2.8680555555555554,-0.7006172839506173,1.0192307692307692,-1.8044117647058824,-1.874251497005988,0.45045045045045046,-5.474662162162162
2026-01-09,-8.65702479338843,-3.6439024390243904,-1.2719594594594594,1.5089285714285714,0.58125,-1.260115606936416,-1.3191176470588235,0.29910714285714285,-4.776315789473684
2026-01-10,-8.300829875518673,-3.198529411764706,-1.2719594594594594,1.5089285714285714,3.019230769230769,-0.7180232558139535,-0.7677514792899408,0.29910714285714285,-4.182119205298013
2026-01-11,-8.54936974789916,-3.4166666666666665,-1.7534246575342465,1.5089285714285714,3.019230769230769,-0.9334319526627219,-0.9879518072289156,0.9022727272727272,-4.4983108108108105
2026-01-12,-9.722803347280335,-3.3452970297029703,-1.6666666666666667,1.5089285714285714,3.019230769230769,-1.125,-1.1826347305389222,0.5923423423423423,-4.197635135135135
2026-01-13,-8.354525862068966,-3.1755050505050506,-1.479020979020979,3.9613095238095237,2.1858974358974357,-1.276946107784431,-1.5696969696969696,0.47453703703703703,-3.2706896551724136
2026-01-14,-6.668103448275862,-3.0728643216080402,-1.5815972222222223,3.2819767441860463,2.1858974358974357,-1.1666666666666667,-1.4563253012048192,0.006818181818181818,-3.1301369863013697
2026-01-15,-5.573593073593074,-1.9725,-0.19270833333333334,3.2819767441860463,2.1858974358974357,0.1242603550295858,-0.14820359281437126,0.15990990990990991,-2.2972972972972974
2026-01-16,-4.784042553191489,-1.133578431372549,0.3741496598639456,3.2819767441860463,2.1858974358974357,0.6549707602339181,0.39201183431952663,-0.23903508771929824,-1.875
2026-01-17,-5.2318376068376065,-1.6317733990147782,-0.3082191780821918,3.585294117647059,2.835526315789474,0.07058823529411765,-0.20089285714285715,-0.0420353982300885,-1.875
2026-01-18,-4.650862068965517,-1.1330845771144278,0.3793103448275862,4.7560975609756095,2.835526315789474,0.7924242424242425,0.5214723926380368,0.7729357798165137,-1.21
2026-01-19,-4.693376068376068,-1.2167487684729064,0.3304794520547945,5.675925925925926,2.835526315789474,0.6445783132530121,0.37347560975609756,1.0295454545454545,-1.0904605263157894
2026-01-20,-3.2993697478991595,-1.0047846889952152,-0.42833333333333334,7.90625,6.5,1.522189349112426,1.2664670658682635,2.9714912280701755,-0.04383116883116883
2026-01-21,-4.1234567901234565,-1.9728773584905661,-1.3980263157894737,7.283536585365853,5.826923076923077,0.40028901734104044,0.13742690058479531,2.213675213675214,-1.3694267515923566
2026-01-22,-3.4710743801652892,-1.2440758293838863,-0.3758278145695364,7.679012345679013,5.826923076923077,1.157514450867052,0.9035087719298246,2.4461206896551726,-0.535031847133758
2026-01-23,-1.836734693877551,-0.9049295774647887,0.08496732026143791,7.216463414634147,5.826923076923077,0.9770114942528736,0.7223837209302325,2.1666666666666665,0.10126582278481013
2026-01-24,-1.836734693877551,-0.9049295774647887,0.08496732026143791,7.216463414634147,5.826923076923077,0.9770114942528736,0.7223837209302325,2.1666666666666665,0.10126582278481013
2026-01-25,-1.836734693877551,-0.9049295774647887,0.08496732026143791,7.216463414634147,5.826923076923077,0.9770114942528736,0.7223837209302325,2.1666666666666665,0.10126582278481013
2026-01-26,-2.379,-1.1866359447004609,0.04326923076923077,6.758928571428571,6.445121951219512,0.9251412429378532,0.6742857142857143,2.0529661016949152,-0.30092592592592593
2026-01-27,-1.8125,-1.2237442922374429,-0.18829113924050633,6.1773255813953485,6.142857142857143,0.8561452513966481,0.6073446327683616,1.646694214876033,-0.36128048780487804
2026-01-28,-2.4448979591836735,-1.9328703703703705,-0.5080128205128205,6.844117647058823,6.142857142857143,0.02130681818181818,-0.5285714285714286,0.4216101694915254,-1.3125
2026-01-29,-5.021255060728745,-2.8020833333333335,-0.9707792207792207,5.044642857142857,8.731707317073171,0.5928571428571429,0.7456896551724138,0.006521739130434782,-2.8074534161490683
2026-01-30,-5.202620967741935,-3.019585253456221,-1.2870967741935484,4.397058823529412,8.731707317073171,0.3053977272727273,0.45571428571428574,-0.4245689655172414,-3.0987654320987654
2026-01-31,-5.202620967741935,-3.019585253456221,-1.2870967741935484,4.397058823529412,8.731707317073171,0.3053977272727273,0.45571428571428574,-0.4245689655172414,-3.0987654320987654
2026-02-01,-5.058401639344262,-2.9741784037558685,-0.5115131578947368,5.650602409638554,11.467948717948717,1.0144508670520231,1.1715116279069768,0.08552631578947369,-3.0395569620253164
2026-02-02,-4.810975609756097,-3.69392523364486,-0.9052287581699346,6.109756097560975,8.38125,0.10632183908045977,0.25722543352601157,-0.2412280701754386,-3.4003164556962027
2026-02-03,-4.149193548387097,-2.4930232558139536,0.43709677419354837,6.8580246913580245,9.833333333333334,0.9942528735632183,1.1502890173410405,0.23893805309734514,-1.778301886792453
2026-02-04,-2.8851626016260163,-2.1006944444444446,1.4161290322580644,7.075,7.7875,1.4585714285714286,2.041907514450867,1.1349557522123894,-1.4462025316455696
2026-02-05,-3.180722891566265,-2.114678899082569,1.0048076923076923,5.203125,6.445121951219512,0.8409090909090909,1.7095375722543353,0.5745614035087719,-1.8333333333333333
2026-02-06,-3.798804780876494,-2.8295454545454546,-0.030063291139240507,5.203125,6.445121951219512,0.8409090909090909,1.7095375722543353,0.034782608695652174,-3.443396226415094
2026-02-07,-3.798804780876494,-2.8295454545454546,-0.030063291139240507,5.203125,6.445121951219512,0.8409090909090909,1.7095375722543353,0.034782608695652174,-3.443396226415094
2026-02-08,-2.7813765182186234,-3.1594036697247705,-0.4551282051282051,5.203125,6.445121951219512,0.2742857142857143,1.1380813953488371,-0.5508849557522124,-3.909235668789809
2026-02-09,-3.7024291497975708,-4.006912442396313,-0.413961038961039,3.769230769230769,5.269230769230769,-0.48121387283236994,0.727810650887574,-1.5592105263157894,-5.038461538461538
2026-02-10,-3.9938775510204083,-4.547453703703703,-1.3766233766233766,1.8685897435897436,0.14864864864864866,0.008771929824561403,1.2440119760479043,-1.0535714285714286,-5.798387096774194
2026-02-11,-3.260330578512397,-3.1799065420560746,0.5535714285714286,5.19620253164557,1.1458333333333333,1.088235294117647,2.3569277108433737,0.6491228070175439,-4.349025974025974
2026-02-12,-3.340816326530612,-3.7155963302752295,-0.1926751592356688,4.540625,1.1458333333333333,1.7105263157894737,2.9865269461077846,1.2112068965517242,-4.789808917197452
2026-02-13,-3.102409638554217,-3.4414414414414414,-1.1588050314465408,6.8689024390243905,1.1458333333333333,1.3706896551724137,2.6161764705882353,2.885593220338983,-3.7875
2026-02-14,-2.7903225806451615,-3.0927601809954752,-0.6566455696202531,7.947530864197531,1.1458333333333333,1.8439306358381502,3.1079881656804735,2.885593220338983,-3.3050314465408803
2026-02-15,-1.1683884297520661,-1.7326388888888888,0.5705128205128205,8.670886075949367,0.3581081081081081,3.7395833333333335,5.088414634146342,3.9217391304347826,-2.032258064516129
2026-02-16,-1.4958677685950412,-2.5754716981132075,-0.5373376623376623,8.670886075949367,-4.132352941176471,2.75,4.091049382716049,4.167391304347826,-2.5113636363636362
2026-02-17,-0.9885892116182573,-2.911214953271028,-1.1087662337662338,7.803125,-5.078571428571428,2.0118343195266273,3.3106060606060606,2.9439655172413794,-3.814935064935065
2026-02-18,2.134375,-2.0729166666666665,-0.6161290322580645,8.512658227848101,-5.078571428571428,1.9532163742690059,3.2350299401197606,2.0987394957983194,-5.447115384615385
2026-02-19,0.8358369098712446,-3.0705741626794256,-0.8824503311258278,8.512658227848101,-5.078571428571428,1.437125748502994,2.7377300613496933,2.6440677966101696,-5.838815789473684
2026-02-20,1.6276371308016877,-3.2973933649289098,-1.223856209150327,8.512658227848101,-5.078571428571428,1.1005917159763314,2.3772727272727274,2.15,-5.919934640522876
2026-02-21,1.6276371308016877,-3.2973933649289098,-1.223856209150327,8.512658227848101,-5.078571428571428,1.1005917159763314,2.3772727272727274,2.15,-5.919934640522876
2026-02-22,1.6276371308016877,-3.562200956937799,-0.8947368421052632,8.512658227848101,-5.078571428571428,1.412202380952381,2.7042682926829267,2.5987394957983194,-5.919934640522876
2026-02-23,-0.16772151898734178,-3.6274038461538463,-0.9668874172185431,7.832278481012659,-7.5661764705882355,1.6826347305389222,2.9892638036809815,2.676470588235294,-5.300986842105263
2026-02-24,0.5871848739495799,-3.2142857142857144,-0.434640522875817,6.886075949367089,-6.71969696969697,1.15625,2.2696969696969695,3.1333333333333333,-4.424193548387096
2026-02-25,0.5640495867768595,-3.635514018691589,-0.9599358974358975,6.4875,-7.401515151515151,0.5305232558139535,1.7336309523809523,2.6370967741935485,-4.693037974683544
2026-02-26,0.3343621399176955,-3.797674418604651,-1.240506329113924,7.6419753086419755,-7.401515151515151,0.30491329479768786,1.4955621301775148,2.308,-4.90566037735849
2026-02-27,0.5,-3.5170454545454546,-1.5632716049382716,8.158823529411764,-8.117647058823529,0.40625,1.773391812865497,1.9074803149606299,-5.1935975609756095
2026-02-28,0.8089430894308943,-3.33675799086758,-1.5632716049382716,8.158823529411764,-8.117647058823529,0.40625,1.773391812865497,1.9074803149606299,-4.961656441717792
2026-03-01,-0.4139344262295082,-4.289170506912442,-1.5632716049382716,5.945783132530121,-8.117647058823529,-0.16285714285714287,1.1955882352941176,1.9074803149606299,-6.265527950310559
2026-03-02,-2.238541666666667,-5.516666666666667,-2.6337579617834397,7.159375,-8.117647058823529,-1.7264705882352942,-0.37424242424242427,1.072,-7.7025316455696204
2026-03-03,-3.8913934426229506,-5.9672897196261685,-3.3043478260869565,6.819277108433735,-8.117647058823529,-1.579479768786127,-0.24702380952380953,-0.208,-6.923780487804878
2026-03-04,-3.725,-5.394736842105263,-2.451923076923077,7.854938271604938,-6.6484375,-0.7366071428571429,0.6625766871165644,0.6041666666666666,-6.210691823899371
2026-03-05,-3.9802904564315353,-5.8654761904761905,-3.761217948717949,6.87962962962963,-9.46551724137931,-1.9523809523809523,0.021604938271604937,1.1853448275862069,-4.810126582278481
2026-03-06,-2.3266129032258065,-4.9546511627906975,-2.08125,6.2351190476190474,-3.7734375,-0.16374269005847952,1.8393939393939394,1.6207627118644068,-3.125
2026-03-07,-2.3266129032258065,-4.9546511627906975,-2.08125,6.2351190476190474,-3.7734375,-0.16374269005847952,1.8393939393939394,1.6207627118644068,-3.125
2026-03-08,-2.6128048780487805,-5.525821596244131,-2.195859872611465,5.566265060240964,-6.6893939393939394,-0.3106508875739645,1.7116564417177915,1.7863247863247864,-3.4549689440993787
2026-03-09,-3.07429718875502,-6.242957746478873,-3.1687898089171975,6.690476190476191,-8.360294117647058,-0.6116071428571429,1.412037037037037,1.567391304347826,-3.8680981595092025
2026-03-10,0.19779116465863453,-5.522093023255814,-2.767405063291139,6.920454545454546,-7.9772727272727275,0.38676470588235295,2.4222560975609757,1.8974358974358974,-3.269461077844311
2026-03-11,0.27530364372469635,-4.816279069767442,-1.1666666666666667,7.224431818181818,-7.9772727272727275,1.2794117647058822,3.347560975609756,4.229166666666667,-2.133136094674556
2026-03-12,0.9487704918032787,-4.247652582159624,-0.03365384615384615,8.620689655172415,-5.84375,1.6967455621301775,3.792944785276074,3.7520661157024793,-1.8214285714285714
2026-03-13,1.00199203187251,-4.42351598173516,-0.5900621118012422,8.717032967032967,-5.84375,1.4885057471264367,3.5148809523809526,3.753968253968254,-2.1264367816091956
2026-03-14,1.00199203187251,-4.42351598173516,-0.5900621118012422,8.717032967032967,-5.84375,1.4885057471264367,3.5148809523809526,3.753968253968254,-2.1264367816091956
2026-03-15,1.9291497975708503,-3.4593023255813953,0.01875,9.838888888888889,-5.612903225806452,2.847058823529412,4.972560975609756,3.863095238095238,-1.5520231213872833
2026-03-16,-0.11734693877551021,-4.471563981042654,-0.7167721518987342,8.631868131868131,-9.133333333333333,2.8824404761904763,5.2313664596273295,2.6280487804878048,-2.3669590643274856
2026-03-17,1.3547717842323652,-3.8665865384615383,-0.011217948717948718,8.631868131868131,-11.553571428571429,3.4518072289156625,5.855345911949685,3.6666666666666665,-1.2705882352941176
2026-03-18,3.1116803278688523,-4.003504672897196,-0.5648148148148148,8.928571428571429,-9.108333333333333,3.4751461988304095,6.0107361963190185,3.232142857142857,-1.6666666666666667
2026-03-19,3.2428861788617884,-4.073394495412844,-0.7394578313253012,9.35483870967742,-9.108333333333333,2.660919540229885,5.11144578313253,2.61328125,-1.4875
2026-03-20,2.144268774703557,-4.202008928571429,-0.4444444444444444,8.420103092783505,-13.390625,2.3019662921348316,4.677941176470588,3.931297709923664,-1.1945945945945946
2026-03-21,2.144268774703557,-4.202008928571429,-0.4444444444444444,8.420103092783505,-13.390625,2.3019662921348316,4.677941176470588,3.931297709923664,-1.1945945945945946
2026-03-22,2.0481927710843375,-4.0,-0.20535714285714285,7.813157894736842,-13.435483870967742,2.706896551724138,5.159638554216867,4.53740157480315,-1.034153005464481
2026-03-23,2.030632411067194,-2.8946188340807173,1.0915697674418605,7.881443298969073,-11.946969696969697,3.9042857142857144,6.399700598802395,4.771484375,0.125
2026-03-24,1.8941176470588235,-2.7042410714285716,1.3150289017341041,7.3520408163265305,-12.654411764705882,3.56,6.038922155688622,5.042635658914729,0.33918918918918917
2026-03-25,1.8468992248062015,-1.468201754385965,2.8163841807909606,6.984848484848484,-12.654411764705882,4.46067415730337,6.938235294117647,4.536259541984733,1.0925925925925926
2026-03-26,0.2538167938931298,-2.7911255411255413,1.5617977528089888,5.96039603960396,-12.654411764705882,3.5502793296089385,5.970760233918129,3.2555970149253732,-0.17838541666666666
2026-03-27,-0.9135687732342007,-2.7162447257383966,0.9781420765027322,6.457142857142857,-12.654411764705882,3.870923913043478,6.237215909090909,3.6966911764705883,0.0012690355329949238
2026-03-28,-0.9135687732342007,-2.7162447257383966,0.9781420765027322,6.457142857142857,-12.654411764705882,3.870923913043478,6.237215909090909,3.6966911764705883,0.0012690355329949238
2026-03-29,-2.3559479553903344,-2.921218487394958,0.9781420765027322,6.457142857142857,-12.780303030303031,3.5716216216216217,5.911016949152542,3.2937956204379564,-0.2588383838383838
2026-03-30,-2.649628252788104,-2.6302966101694913,1.0947802197802199,7.040865384615385,-12.780303030303031,4.01775956284153,6.404285714285714,3.4669117647058822,0.11862244897959184
2026-03-31,-2.1081818181818184,-1.7717842323651452,2.235294117647059,8.277272727272727,-6.335714285714285,4.674731182795699,7.050561797752809,3.2830882352941178,-0.01903553299492386
2026-04-01,-2.5949820788530467,-1.985655737704918,1.6914893617021276,10.015625,-7.347222222222222,4.684840425531915,7.034722222222222,2.947080291970803,0.19472361809045227
2026-04-02,-2.630824372759857,-2.026639344262295,1.2594086021505377,10.34375,-5.0855263157894735,4.810160427807487,7.17877094972067,2.855839416058394,0.1444723618090452
2026-04-03,-2.8016014234875444,-2.2266260162601625,0.9627659574468085,10.34375,-2.7375,4.477513227513228,6.988888888888889,2.431654676258993,-0.12189054726368159
2026-04-04,-2.8016014234875444,-2.2266260162601625,0.9627659574468085,10.34375,-2.7375,4.477513227513228,6.988888888888889,2.431654676258993,-0.12189054726368159
2026-04-05,-3.8102836879432624,-3.1993927125506074,0.7328042328042328,9.536036036036036,-3.707317073170732,3.1776315789473686,5.877777777777778,2.1107142857142858,-1.3217821782178218
2026-04-06,-2.048758865248227,-1.5931174089068827,1.2513297872340425,12.533783783783784,3.3636363636363638,3.9175531914893615,6.689606741573034,2.1177536231884058,0.1480099502487562
2026-04-07,-2.7596153846153846,-1.7580645161290323,1.2339572192513368,11.398230088495575,3.3636363636363638,3.3842105263157896,6.095833333333333,1.7226277372262773,0.7339108910891089
2026-04-08,-3.589160839160839,-2.2935222672064777,0.4637096774193548,10.176991150442477,1.1162790697674418,2.7711640211640214,5.4636871508379885,0.395985401459854,-0.04455445544554455
2026-04-09,-4.171654929577465,-2.5870445344129553,-0.2072192513368984,7.831858407079646,6.011363636363637,2.288157894736842,4.938888888888889,1.2092198581560283,-0.3370646766169154
2026-04-10,-4.066433566433567,-1.864,-0.3497340425531915,9.434782608695652,6.011363636363637,3.1489637305699483,5.285714285714286,1.6059027777777777,0.5159313725490197
2026-04-11,-4.066433566433567,-1.864,-0.3497340425531915,9.434782608695652,6.011363636363637,3.1489637305699483,5.285714285714286,1.6059027777777777,0.5159313725490197
2026-04-12,-3.535335689045936,-1.627016129032258,-0.01747311827956989,9.434782608695652,6.011363636363637,3.33984375,5.5,1.8513986013986015,0.6613300492610837
2026-04-13,-3.98859649122807,-1.6179435483870968,-0.3877005347593583,8.495689655172415,6.914634146341464,3.8900523560209423,6.095833333333333,2.01056338028169,0.17892156862745098
2026-04-14,-4.374113475177305,-1.486842105263158,-0.3890374331550802,9.087719298245615,6.914634146341464,4.089473684210526,6.319832402234637,2.265957446808511,0.3472906403940887
2026-04-15,-4.743006993006993,-1.953187250996016,-1.3105263157894738,9.177350427350428,6.914634146341464,3.656735751295337,5.824175824175824,1.4982758620689656,-0.2536231884057971
2026-04-16,-5.222027972027972,-2.499003984063745,-1.5994764397905759,9.640756302521009,5.325581395348837,3.4407216494845363,5.583333333333333,1.976027397260274,-0.392512077294686
2026-04-17,-5.069827586206896,-2.368627450980392,-1.7357512953367875,9.917355371900827,4.375,3.4886363636363638,5.588235294117647,1.4932885906040267,-0.19285714285714287
2026-04-18,-4.741349480968858,-2.368627450980392,-1.7357512953367875,9.917355371900827,4.375,3.4886363636363638,5.588235294117647,1.4932885906040267,-0.19285714285714287
2026-04-19,-4.3173076923076925,-1.8591269841269842,-1.8868421052631579,9.166666666666666,4.375,4.001275510204081,6.154054054054054,0.9472789115646258,0.17307692307692307
2026-04-20,-5.158035714285714,-2.3495934959349594,-1.7123655913978495,8.4125,3.0,2.9093264248704664,5.031593406593407,-0.38461538461538464,-1.0893719806763285
2026-04-21,-5.148181818181818,-1.7181069958847737,-1.184782608695652,8.853813559322035,2.9345238095238093,3.8,6.012569832402234,-0.01950354609929078,-0.31862745098039214
2026-04-22,-5.493682310469314,-2.1846938775510205,-1.889945652173913,8.487603305785123,2.9345238095238093,3.1471354166666665,5.295580110497237,0.3038194444444444,-0.8871359223300971
2026-04-23,-6.995519713261649,-2.7195121951219514,-2.470108695652174,8.24795081967213,2.9345238095238093,2.9407216494845363,5.05327868852459,0.0684931506849315,-1.6670673076923077
2026-04-24,-7.046428571428572,-2.7945344129554655,-2.5716216216216217,8.24795081967213,2.9345238095238093,2.816666666666667,4.9103260869565215,-0.07653061224489796,-1.7607655502392345
2026-04-25,-7.046428571428572,-2.7945344129554655,-2.5716216216216217,8.24795081967213,2.9345238095238093,2.816666666666667,4.9103260869565215,-0.07653061224489796,-1.7607655502392345
2026-04-26,-6.625912408759124,-2.53202479338843,-2.523480662983425,8.585416666666667,2.15625,2.975130890052356,5.125,0.08793103448275862,-1.4240196078431373
2026-04-27,-6.264440433212997,-2.1931818181818183,-2.0934065934065935,9.510416666666666,2.371794871794872,3.575,5.773743016759776,0.6931034482758621,-0.853448275862069
2026-04-28,-6.885304659498208,-3.2879098360655736,-2.9862637362637363,7.84375,0.75,2.1236979166666665,4.209944751381215,0.6931034482758621,-1.0808457711442787
2026-04-29,-6.7437722419928825,-3.465725806451613,-3.5806451612903225,6.911157024793388,-0.08536585365853659,0.4719387755102041,2.5502717391304346,-0.9697986577181208,-1.3390243902439025
2026-04-30,-5.688380281690141,-4.116,-4.444148936170213,6.741735537190083,-1.7619047619047619,-0.3888888888888889,1.6115591397849462,-0.9630872483221476,-1.6699029126213591
2026-05-01,-5.783333333333333,-4.2300796812749,-4.593915343915344,6.741735537190083,-2.4825581395348837,-0.5515075376884422,1.427807486631016,-1.175,-1.820048309178744
2026-05-02,-5.451584507042254,-4.2300796812749,-4.593915343915344,6.741735537190083,-2.4825581395348837,-0.5515075376884422,1.427807486631016,-1.175,-1.820048309178744
2026-05-03,-5.070143884892087,-2.9390243902439024,-3.7768817204301075,7.40625,1.6158536585365855,1.1804123711340206,3.3282967032967035,-0.7466216216216216,-0.6798029556650246
2026-05-04,-3.9550359712230216,-3.726530612244898,-4.824324324324325,7.91875,2.232142857142857,0.7164948453608248,2.833791208791209,-0.5204081632653061,-1.52
2026-05-05,-4.120036101083032,-3.1069958847736627,-5.030054644808743,7.91875,4.089285714285714,1.546875,3.324585635359116,-0.9896551724137931,-0.59
2026-05-06,-3.589814814814815,-3.1848739495798317,-5.1305555555555555,8.403361344537815,5.341463414634147,2.095744680851064,3.646067415730337,-1.0316901408450705,-0.3555276381909548
2026-05-07,-1.8736162361623616,-1.2405857740585775,-2.552486187845304,9.166666666666666,5.341463414634147,3.126315789473684,4.716666666666667,0.1056338028169014,2.4660804020100504
2026-05-08,-1.4990808823529411,-0.81875,-2.552486187845304,9.917355371900827,5.341463414634147,3.6335078534031413,5.2430939226519335,0.8041958041958042,2.95375
2026-05-09,-1.4990808823529411,-0.81875,-2.552486187845304,9.917355371900827,5.341463414634147,3.6335078534031413,5.2430939226519335,0.8041958041958042,2.95375
2026-05-10,-1.275186567164179,-0.5529661016949152,-2.561797752808989,10.233050847457626,5.341463414634147,3.779255319148936,5.067039106145251,0.8892857142857142,3.5265151515151514
2026-05-11,-1.1046296296296296,-0.0759493670886076,-3.5494350282485874,8.848290598290598,5.341463414634147,3.779255319148936,4.533707865168539,-0.8214285714285714,4.55375
2026-05-12,-0.5611111111111111,-0.6909282700421941,-4.633620689655173,7.171739130434783,5.341463414634147,3.264705882352941,3.994350282485876,-1.8625,3.825
2026-05-13,-1.3485130111524164,0.08836206896551724,-4.0394736842105265,7.649122807017544,5.341463414634147,3.014864864864865,3.7385714285714284,-2.371376811594203,4.6020408163265305
2026-05-14,-0.4740740740740741,1.0954935622317596,-1.471264367816092,6.440789473684211,8.273255813953488,4.5864864864864865,5.4,-2.344642857142857,5.236111111111111
2026-05-15,-1.361913357400722,0.23117154811715482,-2.1418539325842696,5.84957627118644,8.273255813953488,3.998677248677249,4.761173184357542,-2.6214788732394365,4.748768472906404
2026-05-16,-1.2653985507246377,0.34978991596638653,-1.9957627118644068,5.84957627118644,9.136904761904763,4.1688829787234045,4.945224719101123,-2.4414893617021276,4.910891089108911
2026-05-17,-1.9255514705882353,0.005252100840336135,-2.459039548022599,5.84957627118644,9.136904761904763,4.287433155080214,5.074858757062147,-2.330357142857143,4.5049504950495045
2026-05-18,-1.239814814814815,0.9606382978723405,-1.1699438202247192,6.608695652173913,11.30232558139535,5.368206521739131,6.23132183908046,-1.0,5.733910891089109
2026-05-19,-1.6186131386861313,0.3143459915611814,-1.247191011235955,6.782608695652174,11.30232558139535,4.389784946236559,5.1875,-0.8237410071942446,7.451732673267327
2026-05-20,-1.7841726618705036,0.28854166666666664,-1.2555248618784531,6.782608695652174,11.30232558139535,4.452127659574468,5.24438202247191,-0.2854609929078014,7.317073170731708
2026-05-21,-3.4292114695340503,0.07083333333333333,-1.5441988950276244,6.303879310344827,11.30232558139535,4.174202127659575,4.950842696629214,-0.6560283687943262,7.168292682926829
2026-05-22,-3.00531914893617,-0.2964876033057851,-2.012295081967213,5.444915254237288,11.30232558139535,3.663157894736842,4.402777777777778,-1.2674825174825175,6.670289855072464
2026-05-23,-2.6601423487544484,-0.2964876033057851,-2.012295081967213,5.444915254237288,11.30232558139535,3.663157894736842,4.402777777777778,-1.2674825174825175,6.670289855072464
2026-05-24,-1.2545126353790614,-0.2989583333333333,-2.0345303867403315,5.538793103448276,12.18452380952381,3.1534391534391535,3.868715083798883,-1.0950704225352113,6.654126213592233
2026-05-25,-1.9826642335766422,-0.7934322033898306,-2.776536312849162,4.870614035087719,11.436046511627907,2.504032258064516,3.194602272727273,-1.5616197183098592,6.214108910891089
2026-05-26,-2.671245421245421,-1.1638297872340426,-3.2358757062146895,4.964912280701754,11.180232558139535,2.0513513513513515,2.5923295454545454,-1.5863309352517985,6.2164179104477615
2026-05-27,-3.591726618705036,-1.430672268907563,-2.9820441988950277,4.252118644067797,11.472222222222221,2.1818181818181817,2.723314606741573,-1.463768115942029,6.027093596059113
2026-05-28,-3.098181818181818,-1.6837606837606838,-2.771067415730337,3.621739130434783,11.605555555555556,2.045945945945946,2.3926553672316384,-1.3931159420289856,6.454773869346734
2026-05-29,-3.620503597122302,-2.3143459915611815,-3.286111111111111,2.2203389830508473,11.605555555555556,1.1914893617021276,1.4944444444444445,-1.6007194244604317,5.813432835820896
2026-05-30,-3.620503597122302,-2.3143459915611815,-3.286111111111111,2.2203389830508473,11.605555555555556,1.1914893617021276,1.4944444444444445,-1.6007194244604317,5.813432835820896
2026-05-31,-3.511861313868613,-2.1366525423728815,-3.0572625698324023,2.2203389830508473,11.605555555555556,1.4344919786096257,1.75,-1.2916666666666667,6.06375
2026-06-01,-3.5839483394833946,-1.78125,-2.607142857142857,2.1982758620689653,11.054347826086957,1.3478260869565217,1.6647727272727273,-0.8193430656934306,5.689432989690721
2026-06-02,-2.3245454545454547,-1.3529411764705883,-2.5833333333333335,2.3916666666666666,11.054347826086957,2.0105820105820107,2.3480662983425415,-1.2875,5.975
2026-06-03,-1.1462093862815885,-0.22594142259414227,-1.0883977900552486,4.227642276422764,12.260416666666666,3.021276595744681,2.9763888888888888,-0.8583916083916084,6.474009900990099
2026-06-04,-3.4181654676258995,-0.7426778242677824,-2.341666666666667,4.954918032786885,10.914893617021276,1.7605820105820107,1.660220994475138,-0.6870629370629371,5.403940886699507
2026-06-05,-4.46875,-1.5789473684210527,-2.3251366120218577,3.655241935483871,10.914893617021276,1.913659793814433,1.8225806451612903,-1.447635135135135,4.191943127962086
2026-06-06,-4.13588850174216,-1.1788617886178863,-2.3251366120218577,3.655241935483871,13.326086956521738,2.4417098445595853,2.372972972972973,-1.447635135135135,4.688095238095238
2026-06-07,-3.918727915194346,-0.8760330578512396,-1.941340782122905,2.8719512195121952,15.033333333333333,2.2264397905759163,2.1475409836065573,-1.7825342465753424,5.157766990291262
2026-06-08,-5.66546762589928,-1.2142857142857142,-2.189265536723164,2.2247899159663866,15.033333333333333,1.5944148936170213,1.4861111111111112,-1.9702797202797202,5.016089108910891
2026-06-09,-6.73936170212766,-1.3158995815899581,-3.4829545454545454,1.1701680672268908,16.880434782608695,1.4510582010582012,1.3370165745856353,-3.5721830985915495,4.865763546798029
2026-06-10,-5.744736842105263,-0.518595041322314,-3.2039106145251397,1.7884615384615385,12.010416666666666,2.338157894736842,2.2637362637362637,-2.904513888888889,5.712378640776699
2026-06-11,-6.318661971830986,-0.8212809917355371,-2.910614525139665,1.4690265486725664,15.53,2.3125,2.236111111111111,-3.3892857142857142,6.389705882352941
2026-06-12,-5.639455782312925,-0.24702380952380953,-1.7952127659574468,3.1115702479338845,14.303921568627452,3.9935897435897436,3.475806451612903,-2.979591836734694,6.494103773584905
2026-06-13,-5.606655290102389,-0.18725099601593626,-1.7232620320855614,3.1115702479338845,14.895,4.092783505154639,3.577027027027027,-2.8955479452054793,6.597156398104265
2026-06-14,-4.944444444444445,0.698170731707317,-0.5686813186813187,3.970833333333333,14.895,5.358465608465608,4.718232044198895,-2.5590277777777777,6.981971153846154
2026-06-15,-5.6818965517241375,0.562753036437247,-0.5686813186813187,3.970833333333333,16.563725490196077,5.157894736842105,4.512362637362638,-2.7672413793103448,6.791866028708134
2026-06-16,-6.524054982817869,1.5244897959183674,0.5632022471910112,4.201680672268908,17.122549019607842,6.538770053475936,5.758333333333334,-1.6003401360544218,7.874396135265701
2026-06-17,-5.673469387755102,2.75,1.6977401129943503,5.095833333333333,17.122549019607842,8.844919786096257,8.154166666666667,0.04391891891891892,8.998798076923077
2026-06-18,-4.371644295302014,3.7973790322580645,2.09375,7.57172131147541,20.989795918367346,11.268716577540108,10.672222222222222,-1.4726027397260273,9.713095238095239
2026-06-19,-4.691471571906354,3.7973790322580645,2.09375,7.57172131147541,20.989795918367346,11.268716577540108,10.672222222222222,-1.4726027397260273,9.713095238095239
2026-06-20,-4.691471571906354,3.7973790322580645,2.09375,7.57172131147541,20.989795918367346,11.268716577540108,10.672222222222222,-1.4726027397260273,9.713095238095239
2026-06-21,-3.8135593220338984,3.3448979591836734,1.4234104046242775,8.276859504132231,21.409574468085108,10.30945945945946,9.668539325842696,-1.6475694444444444,9.2811004784689
2026-06-22,-4.827118644067797,2.560450819672131,0.29941860465116277,8.022727272727273,22.657608695652176,9.797297297297296,9.13623595505618,-1.824468085106383,8.91304347826087
2026-06-23,-3.788135593220339,1.1182572614107884,-1.306547619047619,8.33125,22.657608695652176,8.509562841530055,7.7897727272727275,-1.4460431654676258,8.380541871921181
2026-06-24,-2.1403061224489797,1.9072916666666666,-0.12351190476190477,7.934426229508197,22.657608695652176,8.163934426229508,7.4303977272727275,-0.6551094890510949,9.288366336633663
2026-06-25,-2.5960884353741496,0.8807531380753139,-1.0,6.65546218487395,20.04787234042553,6.983516483516484,6.198571428571428,-2.208029197080292,8.435323383084578
2026-06-26,-1.9538590604026846,1.6111111111111112,0.0755813953488372,6.3884297520661155,20.04787234042553,7.308108108108108,6.549157303370786,-2.63768115942029,8.089108910891088
2026-06-27,-1.4552364864864864,1.8305785123966942,0.0755813953488372,6.3884297520661155,20.04787234042553,7.627717391304348,6.877118644067797,-2.281021897810219,8.385572139303482
2026-06-28,-1.4552364864864864,1.8305785123966942,0.0755813953488372,6.3884297520661155,20.04787234042553,7.627717391304348,6.877118644067797,-2.281021897810219,8.385572139303482
2026-06-29,-0.3400673400673401,2.1818181818181817,0.33236994219653176,6.792735042735043,17.138297872340427,7.326086956521739,6.563559322033898,-1.5126811594202898,8.372524752475247
2026-06-30,1.5058724832214765,4.489711934156379,0.9156976744186046,7.219827586206897,18.440217391304348,8.925271739130435,8.225988700564972,-0.8297101449275363,8.77125
2026-07-01,1.1638795986622072,4.473469387755102,0.9156976744186046,6.550420168067227,15.21111111111111,8.163978494623656,7.442737430167598,-1.5912408759124088,8.978960396039604
2026-07-02,0.35016556291390727,4.709183673469388,1.251453488372093,6.550420168067227,13.970930232558139,9.036486486486487,8.152234636871508,-1.2203703703703703,10.154411764705882
2026-07-03,0.35016556291390727,4.709183673469388,1.251453488372093,6.550420168067227,13.970930232558139,9.036486486486487,8.152234636871508,-1.2203703703703703,10.154411764705882
2026-07-04,0.6454849498327759,4.943181818181818,0.9279411764705883,6.550420168067227,15.31547619047619,9.418956043956044,8.244350282485875,-1.6710526315789473,10.517412935323383
2026-07-05,0.09797297297297297,3.705020920502092,0.2781065088757396,3.698717948717949,8.801282051282051,8.107734806629834,6.889204545454546,-1.4109848484848484,9.848484848484848
2026-07-06,1.1374570446735395,4.202127659574468,0.5639880952380952,4.677631578947368,8.801282051282051,8.8954802259887,7.671511627906977,-1.0606060606060606,10.028497409326425
2026-07-07,2.098976109215017,5.364978902953586,2.301169590643275,6.773504273504273,8.801282051282051,10.890449438202246,9.73121387283237,1.6748120300751879,11.389896373056995
2026-07-08,1.4636824324324325,3.8514644351464433,0.17543859649122806,7.230434782608696,3.8716216216216215,10.61376404494382,9.446531791907514,0.624031007751938,11.102331606217616
2026-07-09,2.2898671096345513,3.6535269709543567,0.3808139534883721,4.866379310344827,3.891025641025641,9.772346368715084,9.11,0.9429133858267716,10.962820512820512
2026-07-10,2.9155737704918034,5.226530612244898,2.6448863636363638,6.716666666666667,6.29375,10.769337016574585,10.137005649717514,3.228846153846154,12.75251256281407
2026-07-11,2.9155737704918034,5.226530612244898,2.6448863636363638,6.716666666666667,6.29375,10.769337016574585,10.137005649717514,3.228846153846154,12.75251256281407
2026-07-12,2.727574750830565,5.445020746887967,2.6228323699421967,7.047008547008547,6.29375,10.405027932960893,9.757142857142858,2.6015625,13.176923076923076
2026-07-13,2.717821782178218,5.318930041152264,2.734011627906977,7.310924369747899,4.810975609756097,10.192737430167599,9.54,3.062015503875969,13.382575757575758
2026-07-14,4.0,6.1375,3.0828402366863905,8.747881355932204,9.238372093023257,10.529829545454545,9.873546511627907,5.155511811023622,14.514102564102565
2026-07-15,3.5836092715231787,5.183333333333334,1.727810650887574,7.0190677966101696,11.018292682926829,9.02683615819209,8.339595375722544,3.992063492063492,13.806701030927835
2026-07-16,2.366776315789474,4.278008298755187,0.18567251461988304,6.014705882352941,6.633333333333334,7.779494382022472,7.067528735632184,4.597222222222222,13.649484536082474
2026-07-17,2.0311475409836066,3.847107438016529,0.18567251461988304,6.014705882352941,6.633333333333334,7.177374301675978,6.4557142857142855,4.597222222222222,13.649484536082474
2026-07-18,1.7088815789473684,3.4481327800829877,0.18567251461988304,6.014705882352941,6.633333333333334,6.655898876404494,5.918103448275862,4.597222222222222,13.202072538860104
2026-07-19,2.5322847682119205,3.68172268907563,0.4583333333333333,5.985169491525424,6.633333333333334,7.0285714285714285,6.286549707602339,4.726,13.648684210526316
2026-07-20,3.962295081967213,4.666666666666667,0.71875,7.62396694214876,7.295454545454546,7.8053977272727275,7.085755813953488,6.570866141732283,14.776041666666666
2026-07-21,4.254111842105263,5.0407949790794975,1.4910714285714286,7.623949579831932,6.4,8.57183908045977,7.8617647058823525,6.785714285714286,15.297120418848168
2026-07-22,4.16801948051948,4.841188524590164,1.7341040462427746,7.520491803278689,1.872340425531915,7.163841807909605,6.433526011560693,7.5436507936507935,14.72051282051282
2026-07-23,4.222843450479234,4.896586345381526,1.898876404494382,7.298828125,-2.2857142857142856,7.2555555555555555,6.5397727272727275,8.505952380952381,15.186548223350254
2026-07-24,4.297955974842767,4.995019920318725,2.0694444444444446,7.451923076923077,-2.2857142857142856,7.365384615384615,6.660112359550562,9.935546875,16.03894472361809
2026-07-25,4.297955974842767,4.995019920318725,2.0694444444444446,7.451923076923077,-2.2857142857142856,7.365384615384615,6.660112359550562,9.935546875,16.03894472361809
2026-07-26,3.890378548895899,4.956,1.9986033519553073,7.0673076923076925,-2.2857142857142856,6.611878453038674,5.885593220338983,10.096456692913385,15.787688442211055
2026-07-27,4.422118380062305,5.948818897637795,2.8626373626373627,8.417293233082706,-2.1826923076923075,7.898907103825136,7.209497206703911,10.186538461538461,16.190243902439025
2026-07-28,3.9992283950617282,5.4015748031496065,2.3736263736263736,7.698148148148148,-3.6792452830188678,7.341032608695652,6.482044198895028,11.593023255813954,15.36231884057971
2026-07-29,2.586687306501548,5.366141732283465,2.889502762430939,7.2150735294117645,-2.394230769230769,7.292119565217392,6.43232044198895,11.656976744186046,15.318840579710145
2026-07-30,2.7815384615384615,4.829411764705882,2.7154696132596685,6.693430656934306,-1.7990196078431373,6.926630434782608,6.060773480662983,11.412790697674419,15.166666666666666
2026-07-31,3.2545592705167175,4.505791505791506,2.308108108108108,6.046099290780142,-1.7990196078431373,6.840909090909091,5.987771739130435,10.511450381679388,14.57345971563981
2026-08-01,3.2545592705167175,4.505791505791506,2.308108108108108,6.046099290780142,-1.7990196078431373,6.840909090909091,5.987771739130435,10.511450381679388,14.57345971563981
2026-08-02,2.1376923076923076,4.634241245136187,2.4644808743169397,5.892857142857143,-2.385,7.044594594594595,6.18543956043956,10.511450381679388,14.57345971563981
2026-08-03,2.678680981595092,4.13030888030888,2.5725806451612905,5.264084507042254,-2.0336538461538463,6.557795698924731,5.695355191256831,10.087037037037037,13.86737089201878
2026-08-04,2.324773413897281,4.053231939163498,2.1885026737967914,5.606896551724138,-3.561320754716981,6.4,5.553475935828877,10.087037037037037,13.59447004608295
2026-08-05,2.6305970149253732,3.4718045112781954,0.3776595744680851,5.171140939597316,-4.930555555555555,5.760416666666667,4.912698412698413,9.845323741007194,11.75925925925926
2026-08-06,1.9391691394658754,2.596082089552239,-0.29712041884816753,3.5943708609271523,-4.930555555555555,4.527061855670103,3.668848167539267,8.757142857142858,10.60665137614679
2026-08-07,1.5464601769911503,2.4776951672862455,-0.4479166666666667,3.5943708609271523,-4.930555555555555,4.3538461538461535,3.4973958333333335,8.48758865248227,10.424657534246576
2026-08-08,1.6338757396449703,2.591417910447761,-0.4479166666666667,3.805,-4.930555555555555,4.520618556701031,3.662303664921466,8.748214285714285,10.600917431192661
2026-08-09,1.1291291291291292,1.7017045454545454,-0.24473684210526317,4.1233108108108105,-4.930555555555555,3.5260416666666665,3.155263157894737,9.16123188405797,9.65303738317757
2026-08-10,0.5726047904191617,1.7462406015037595,0.4520725388601036,4.541118421052632,-6.691964285714286,2.68974358974359,2.316062176165803,8.363138686131387,10.23948598130841
2026-08-11,2.0555555555555554,1.7899628252788105,0.6141025641025641,4.410130718954249,-6.691964285714286,3.0913705583756346,2.7256410256410257,7.910071942446043,9.573732718894009
2026-08-12,0.6283783783783784,0.2332089552238806,-1.1549479166666667,3.261437908496732,-10.517857142857142,1.1818181818181819,0.798469387755102,6.12956204379562,8.245305164319248
2026-08-13,1.2545731707317074,0.8162878787878788,-0.7552631578947369,3.005,-10.517857142857142,1.4349489795918366,1.050257731958763,6.321691176470588,8.485714285714286
2026-08-14,2.0014925373134327,2.013888888888889,0.9426020408163265,3.6473509933774833,-8.864035087719298,3.325,2.967171717171717,8.366197183098592,9.272405660377359
2026-08-15,2.30688622754491,2.393122676579926,1.4602564102564102,3.6473509933774833,-8.864035087719298,3.325,2.967171717171717,8.366197183098592,9.790284360189574
2026-08-16,2.007575757575758,2.021698113207547,0.925392670157068,3.875,-10.368181818181819,2.515228426395939,2.1435897435897435,7.826086956521739,9.457729468599034
2026-08-17,1.9447852760736197,1.9434865900383143,0.5828947368421052,3.3221476510067114,-9.87280701754386,3.1373056994818653,2.764397905759162,7.553956834532374,8.441747572815533
2026-08-18,1.3302752293577982,2.621647509578544,0.46675531914893614,4.602649006622516,-10.189655172413794,3.9007731958762886,3.032722513089005,7.5359712230215825,8.858536585365854
2026-08-19,2.4490881458966567,3.5358490566037735,0.9285714285714286,5.628246753246753,-10.189655172413794,5.235897435897436,4.393229166666667,8.405357142857143,9.16626213592233
2026-08-20,1.9916413373860182,3.7011278195488724,0.7605820105820106,6.26948051948052,-10.885593220338983,5.451530612244898,4.616580310880829,8.955673758865249,9.53743961352657
2026-08-21,2.5838368580060425,4.419776119402985,0.7605820105820106,6.613782051282051,-10.885593220338983,5.931472081218274,5.108247422680412,9.293706293706293,10.40311004784689
2026-08-22,2.5838368580060425,4.419776119402985,0.7605820105820106,6.613782051282051,-10.885593220338983,5.931472081218274,5.108247422680412,9.293706293706293,10.40311004784689
2026-08-23,2.6893939393939394,4.240671641791045,0.5828877005347594,6.306089743589744,-10.72844827586207,5.687817258883249,4.860824742268041,9.894642857142857,10.65985576923077
2026-08-24,3.4757575757575756,4.6184701492537314,1.3071808510638299,5.833333333333333,-10.635964912280702,6.851282051282051,6.033854166666667,9.926258992805755,10.185096153846153
2026-08-25,3.993846153846154,4.4222846441947565,1.622972972972973,5.5284810126582276,-12.495535714285714,6.069230769230769,5.239583333333333,10.719642857142857,10.320388349514563
2026-08-26,3.9256134969325154,4.624538745387454,1.7593582887700534,6.225155279503106,-12.254545454545454,6.893401015228426,6.085051546391752,10.798561151079136,10.04066985645933
2026-08-27,4.5359327217125385,5.7444649446494465,3.578042328042328,8.4796875,-8.31578947368421,8.434010152284264,7.649484536082475,10.649280575539569,10.830143540669857
2026-08-28,4.0843373493975905,5.370909090909091,5.084635416666667,8.447852760736197,-4.458333333333333,7.40875,6.620558375634518,10.351063829787234,10.955188679245284
2026-08-29,4.0843373493975905,5.370909090909091,5.084635416666667,8.447852760736197,-4.458333333333333,7.40875,6.620558375634518,10.351063829787234,10.955188679245284
2026-08-30,4.265197568389058,5.046532846715328,4.860526315789474,8.584876543209877,-4.920833333333333,6.70125,5.902284263959391,10.154255319148936,10.560426540284361
2026-08-31,4.721036585365853,5.419741697416974,5.901595744680851,8.40251572327044,-4.920833333333333,6.525380710659898,5.711340206185567,11.893617021276595,11.126201923076923
2026-09-01,2.0213414634146343,3.3145756457564577,4.100267379679145,5.5328125,-6.469827586206897,5.470812182741117,4.501282051282051,11.404676258992806,7.688701923076923
2026-09-02,3.1896024464831805,3.607142857142857,4.539267015706806,6.108231707317073,-8.931034482758621,5.515151515151516,4.551020408163265,11.570921985815604,8.247607655502392
2026-09-03,3.8921875,4.254681647940075,4.449735449735449,6.889570552147239,-9.114406779661017,5.141025641025641,4.158031088082901,12.219202898550725,9.236453201970443
