20260601 000000;30546.25;30559.50;30543.50;30558.00;2556
20260601 000500;30558.50;30563.00;30552.25;30558.25;1692
20260601 001000;30557.25;30564.75;30554.00;30557.75;1576
20260601 001500;30558.75;30560.00;30550.75;30555.50;1102
20260601 002000;30555.50;30563.75;30549.50;30563.75;1422
20260601 002500;30564.00;30567.25;30555.00;30561.75;1636
20260601 003000;30561.25;30566.50;30550.50;30551.25;1427
20260601 003500;30551.25;30565.00;30551.25;30564.75;1431
20260601 004000;30564.75;30581.00;30562.75;30579.25;2812
20260601 004500;30579.25;30580.75;30568.75;30572.25;1791
20260601 005000;30572.25;30578.75;30572.00;30574.00;1425
20260601 005500;30574.00;30577.00;30570.25;30573.00;862
20260601 010000;30573.25;30576.00;30568.25;30575.25;1470
20260601 010500;30575.25;30581.00;30563.75;30566.50;1937
20260601 011000;30565.00;30574.25;30556.50;30571.00;1902
20260601 011500;30571.50;30571.50;30561.25;30566.25;910
20260601 012000;30566.75;30577.75;30566.50;30568.50;1315
20260601 012500;30568.50;30568.75;30550.50;30552.50;2307
20260601 013000;30553.75;30565.25;30553.25;30559.75;1759
20260601 013500;30560.75;30573.00;30559.25;30565.25;1926
20260601 014000;30566.50;30576.50;30564.75;30575.00;1499
20260601 014500;30574.50;30590.00;30570.50;30587.50;2913
20260601 015000;30587.75;30591.50;30582.00;30583.25;1841
20260601 015500;30583.50;30586.50;30576.00;30579.50;1322
20260601 020000;30579.50;30589.75;30579.50;30581.25;1800
20260601 020500;30581.25;30585.75;30577.00;30583.75;1432
20260601 021000;30584.25;30585.50;30570.25;30576.25;1855
20260601 021500;30575.25;30578.00;30568.00;30577.00;1396
20260601 022000;30576.50;30577.50;30569.75;30570.00;861
20260601 022500;30570.50;30571.75;30554.25;30558.50;2864
20260601 023000;30558.25;30580.00;30556.00;30578.00;2586
20260601 023500;30578.75;30580.25;30562.50;30565.25;1416
20260601 024000;30565.00;30571.25;30560.75;30569.00;1513
20260601 024500;30568.25;30589.25;30567.50;30586.75;2972
20260601 025000;30586.75;30588.25;30578.50;30580.50;1797
20260601 025500;30580.75;30586.25;30575.75;30578.75;1503
20260601 030000;30579.25;30589.00;30571.50;30586.00;3012
20260601 030500;30586.75;30592.00;30576.50;30580.00;2438
20260601 031000;30580.50;30586.75;30565.50;30571.00;2113
20260601 031500;30571.00;30573.75;30545.50;30554.00;3772
20260601 032000;30553.50;30554.50;30536.75;30539.25;3555
20260601 032500;30539.00;30539.25;30511.25;30521.75;6406
20260601 033000;30522.00;30531.75;30518.75;30526.75;2413
20260601 033500;30527.50;30530.25;30503.25;30506.75;3267
20260601 034000;30506.75;30508.00;30486.50;30501.50;6111
20260601 034500;30501.25;30505.75;30491.00;30501.00;2020
20260601 035000;30500.25;30512.25;30491.50;30503.25;2811
20260601 035500;30503.75;30515.00;30503.00;30511.75;1966
20260601 040000;30510.75;30516.50;30490.00;30494.00;3594
20260601 040500;30494.00;30499.75;30477.00;30477.50;5152
20260601 041000;30477.50;30486.25;30472.00;30475.25;3019
20260601 041500;30475.75;30478.25;30466.00;30472.25;2862
20260601 042000;30472.50;30480.75;30467.25;30468.25;2388
20260601 042500;30469.00;30469.75;30454.25;30454.25;3479
20260601 043000;30455.25;30468.25;30444.00;30468.25;4317
20260601 043500;30468.25;30471.25;30455.50;30469.75;2741
20260601 044000;30469.25;30479.75;30461.25;30478.75;2672
20260601 044500;30478.50;30483.25;30458.25;30481.50;4532
20260601 045000;30481.00;30494.00;30473.50;30492.00;3111
20260601 045500;30492.75;30504.00;30488.25;30499.25;2203
20260601 050000;30499.25;30512.00;30499.00;30511.75;3039
20260601 050500;30512.00;30512.50;30489.00;30498.25;2832
20260601 051000;30498.75;30502.75;30480.25;30483.75;2509
20260601 051500;30483.75;30496.75;30478.75;30493.75;2361
20260601 052000;30493.00;30494.50;30482.25;30485.25;1387
20260601 052500;30484.50;30487.25;30469.25;30472.50;2858
20260601 053000;30472.50;30480.00;30467.25;30474.50;2546
20260601 053500;30474.25;30478.25;30462.75;30471.25;2575
20260601 054000;30471.25;30475.75;30466.00;30473.25;1861
20260601 054500;30472.75;30475.00;30456.00;30457.00;2437
20260601 055000;30457.50;30465.50;30453.75;30460.25;2145
20260601 055500;30461.75;30468.25;30455.25;30462.25;1476
20260601 060000;30462.25;30472.25;30462.00;30464.25;1980
20260601 060500;30464.25;30470.50;30454.25;30468.75;2199
20260601 061000;30468.25;30485.00;30466.00;30483.75;2917
20260601 061500;30484.00;30489.00;30476.00;30480.00;2018
20260601 062000;30480.50;30482.25;30466.00;30477.00;2915
20260601 062500;30477.25;30489.25;30473.25;30486.75;2180
20260601 063000;30486.50;30503.50;30486.50;30498.75;3349
20260601 063500;30498.00;30503.00;30493.75;30497.25;1789
20260601 064000;30497.25;30504.75;30493.50;30501.50;1786
20260601 064500;30500.75;30504.50;30492.75;30503.75;1578
20260601 065000;30504.25;30505.00;30493.25;30495.00;1738
20260601 065500;30494.75;30499.00;30490.25;30494.25;1618
20260601 070000;30493.75;30497.50;30471.75;30473.00;4744
20260601 070500;30473.25;30481.75;30468.00;30479.50;3163
20260601 071000;30479.25;30480.00;30461.50;30470.75;2956
20260601 071500;30470.50;30471.75;30455.00;30470.25;3013
20260601 072000;30469.75;30471.50;30457.50;30459.75;2837
20260601 072500;30458.75;30465.25;30450.00;30461.50;3217
20260601 073000;30460.75;30478.50;30451.50;30475.50;5622
20260601 073500;30475.50;30498.75;30474.50;30498.75;4290
20260601 074000;30498.75;30501.50;30476.75;30484.50;4035
20260601 074500;30483.50;30491.25;30477.50;30485.00;2675
20260601 075000;30484.50;30486.00;30462.75;30469.00;3285
20260601 075500;30468.50;30472.50;30460.50;30462.75;2304
20260601 080000;30462.00;30464.75;30445.00;30456.00;5026
20260601 080500;30455.50;30463.25;30433.50;30434.00;6854
20260601 081000;30434.00;30448.00;30418.75;30423.25;7008
20260601 081500;30423.00;30436.25;30415.00;30432.50;6499
20260601 082000;30432.25;30449.75;30430.25;30446.50;4841
20260601 082500;30447.25;30459.00;30445.00;30450.50;4902
20260601 083000;30449.75;30456.00;30433.25;30444.50;5935
20260601 083500;30444.50;30480.50;30443.25;30475.50;6701
20260601 084000;30475.75;30489.25;30466.25;30485.25;7098
20260601 084500;30485.50;30496.50;30473.25;30475.00;6463
20260601 085000;30474.50;30476.50;30451.25;30457.00;6042
20260601 085500;30457.25;30460.00;30445.75;30449.25;4792
20260601 090000;30449.25;30454.50;30430.25;30436.75;7527
20260601 090500;30436.50;30456.25;30429.50;30450.00;6612
20260601 091000;30450.50;30456.25;30315.25;30347.25;42625
20260601 091500;30349.00;30380.75;30338.25;30349.75;19820
20260601 092000;30350.25;30356.00;30295.25;30295.75;19733
20260601 092500;30295.25;30348.75;30291.00;30342.50;19197
20260601 093000;30343.00;30422.00;30305.00;30379.75;65925
20260601 093500;30379.50;30462.00;30371.50;30436.00;51697
20260601 094000;30436.00;30449.50;30402.75;30413.00;37695
20260601 094500;30412.00;30467.25;30410.75;30427.25;34724
20260601 095000;30428.00;30451.00;30377.00;30377.50;40016
20260601 095500;30377.50;30383.50;30305.25;30316.00;37510
20260601 100000;30313.75;30343.25;30295.00;30308.00;40237
20260601 100500;30308.50;30384.00;30303.00;30374.25;41264
20260601 101000;30373.75;30379.25;30336.00;30352.25;31567
20260601 101500;30352.25;30403.50;30338.50;30365.50;35608
20260601 102000;30364.00;30421.50;30359.00;30405.25;27143
20260601 102500;30405.50;30410.75;30374.00;30381.50;28821
20260601 103000;30381.50;30431.75;30368.25;30415.75;31353
20260601 103500;30415.50;30431.25;30390.25;30404.50;22682
20260601 104000;30403.75;30430.50;30397.50;30419.75;17107
20260601 104500;30419.75;30444.75;30406.25;30430.00;19429
20260601 105000;30430.25;30447.00;30411.50;30431.00;19260
20260601 105500;30431.00;30440.25;30414.50;30437.25;13142
20260601 110000;30437.00;30449.75;30420.00;30432.25;18648
20260601 110500;30432.75;30457.75;30412.50;30439.25;22077
20260601 111000;30439.25;30454.00;30415.75;30445.00;16895
20260601 111500;30445.50;30472.00;30445.00;30462.75;18524
20260601 112000;30463.00;30489.25;30462.75;30477.25;18233
20260601 112500;30477.50;30487.50;30462.00;30479.25;15972
20260601 113000;30479.25;30548.00;30477.75;30534.25;47429
20260601 113500;30534.25;30554.00;30531.00;30537.00;17324
20260601 114000;30537.25;30548.25;30520.25;30538.00;16959
20260601 114500;30538.00;30541.00;30507.00;30508.50;15416
20260601 115000;30508.25;30529.50;30500.00;30526.75;15258
20260601 115500;30526.25;30528.00;30496.25;30501.75;13140
20260601 120000;30501.50;30535.00;30501.00;30512.50;17870
20260601 120500;30512.25;30514.25;30496.25;30503.00;9879
20260601 121000;30503.25;30505.75;30470.50;30482.50;20926
20260601 121500;30482.50;30489.25;30450.00;30473.75;20030
20260601 122000;30474.50;30502.00;30471.00;30499.50;13291
20260601 122500;30499.50;30514.25;30492.00;30510.00;12462
20260601 123000;30510.50;30538.75;30510.25;30530.25;19664
20260601 123500;30530.50;30540.75;30517.25;30535.25;12157
20260601 124000;30535.50;30539.00;30522.00;30523.25;7868
20260601 124500;30523.50;30527.25;30507.00;30525.25;12977
20260601 125000;30525.50;30575.00;30522.50;30572.50;22647
20260601 125500;30572.75;30584.25;30565.75;30581.00;15897
20260601 130000;30581.25;30585.00;30547.75;30548.00;16641
20260601 130500;30548.00;30559.50;30535.00;30539.50;11434
20260601 131000;30539.75;30557.50;30538.75;30550.25;10219
20260601 131500;30550.00;30559.25;30538.25;30543.00;8557
20260601 132000;30543.25;30561.75;30538.00;30557.00;10005
20260601 132500;30556.75;30602.75;30547.25;30601.50;14928
20260601 133000;30601.75;30618.50;30568.50;30576.00;28766
20260601 133500;30576.00;30603.75;30569.00;30597.00;16006
20260601 134000;30597.50;30667.00;30592.50;30651.00;28669
20260601 134500;30651.50;30683.00;30651.25;30673.25;20839
20260601 135000;30673.50;30692.00;30669.25;30690.25;13972
20260601 135500;30690.25;30691.25;30663.25;30670.50;13045
20260601 140000;30670.00;30675.00;30663.75;30667.25;8789
20260601 140500;30667.50;30671.75;30653.00;30660.75;9021
20260601 141000;30660.50;30665.50;30629.75;30635.00;12223
20260601 141500;30635.00;30649.25;30626.50;30647.25;12222
20260601 142000;30647.25;30655.75;30641.75;30647.00;8135
20260601 142500;30647.50;30651.25;30637.25;30646.75;6658
20260601 143000;30646.75;30653.00;30632.25;30650.50;8266
20260601 143500;30650.50;30654.75;30633.50;30636.75;7945
20260601 144000;30637.00;30644.25;30631.25;30642.25;7296
20260601 144500;30642.25;30643.25;30620.75;30623.50;7432
20260601 145000;30623.50;30629.75;30613.50;30626.50;9851
20260601 145500;30626.50;30645.00;30621.75;30623.25;10188
20260601 150000;30622.50;30638.75;30611.00;30638.50;12577
20260601 150500;30638.25;30641.00;30618.75;30636.25;10465
20260601 151000;30635.75;30647.75;30628.00;30630.50;9845
20260601 151500;30630.50;30633.00;30618.00;30623.00;8110
20260601 152000;30623.00;30627.75;30614.00;30623.75;7233
20260601 152500;30623.75;30631.75;30617.75;30624.75;6332
20260601 153000;30624.50;30624.75;30594.00;30595.75;13279
20260601 153500;30595.75;30601.50;30583.50;30598.00;14748
20260601 154000;30598.00;30598.00;30584.50;30588.25;7532
20260601 154500;30588.25;30595.50;30570.25;30573.25;13052
20260601 155000;30573.25;30587.00;30560.00;30570.25;17418
20260601 155500;30570.25;30574.00;30556.00;30571.25;19835
20260601 160000;30571.00;30575.00;30555.25;30567.00;9066
20260601 160500;30566.75;30569.00;30546.75;30551.50;4586
20260601 161000;30551.25;30561.00;30548.75;30556.25;2684
20260601 161500;30556.25;30556.25;30539.25;30549.25;4373
20260601 162000;30549.50;30554.00;30544.75;30548.75;1704
20260601 162500;30548.75;30550.25;30540.50;30545.75;1706
20260601 163000;30545.75;30555.25;30539.75;30554.00;2266
20260601 163500;30554.50;30560.00;30544.25;30544.75;2244
20260601 164000;30544.50;30573.25;30539.50;30554.75;6720
20260601 164500;30554.50;30555.75;30527.00;30542.75;5022
20260601 165000;30543.25;30544.50;30523.75;30527.00;3174
20260601 165500;30527.00;30531.75;30505.00;30523.75;3736
20260601 180000;30542.75;30550.00;30484.00;30486.00;6464
20260601 180500;30486.00;30496.50;30455.00;30480.75;7273
20260601 181000;30480.75;30485.50;30475.00;30476.25;2484
20260601 181500;30476.00;30489.00;30469.50;30476.00;3260
20260601 182000;30475.50;30479.00;30453.00;30471.75;4654
20260601 182500;30471.50;30476.50;30451.25;30455.00;3504
20260601 183000;30454.50;30463.75;30451.25;30458.25;2027
20260601 183500;30458.25;30463.00;30441.00;30450.75;3299
20260601 184000;30450.75;30454.25;30435.00;30445.25;2971
20260601 184500;30445.50;30455.50;30442.50;30446.25;2989
20260601 185000;30446.00;30453.75;30436.50;30440.25;2459
20260601 185500;30440.25;30461.75;30431.00;30458.75;3780
20260601 190000;30458.00;30466.25;30454.00;30461.50;2898
20260601 190500;30461.00;30465.50;30446.25;30463.25;2747
20260601 191000;30462.75;30464.00;30453.75;30455.00;1460
20260601 191500;30454.25;30466.00;30450.25;30462.75;1644
20260601 192000;30461.75;30464.75;30459.25;30464.50;1242
20260601 192500;30463.25;30464.25;30454.75;30457.25;1705
20260601 193000;30457.50;30464.50;30444.00;30462.25;3487
20260601 193500;30462.75;30481.25;30454.25;30467.25;3799
20260601 194000;30467.25;30473.75;30454.25;30459.50;3889
20260601 194500;30459.00;30464.75;30440.75;30449.25;3287
20260601 195000;30449.75;30461.00;30447.75;30460.25;1900
20260601 195500;30459.50;30470.50;30455.75;30469.25;2149
20260601 200000;30469.50;30470.25;30452.75;30456.25;3419
20260601 200500;30457.25;30464.50;30417.75;30423.00;8755
20260601 201000;30423.50;30431.75;30406.50;30414.00;7196
20260601 201500;30413.50;30436.00;30389.00;30399.50;9574
20260601 202000;30400.00;30409.50;30385.50;30391.25;4957
20260601 202500;30391.00;30404.25;30377.50;30402.50;5585
20260601 203000;30402.25;30419.75;30401.00;30412.25;5627
20260601 203500;30412.25;30422.75;30392.00;30399.75;4879
20260601 204000;30399.25;30402.50;30379.75;30396.50;4496
20260601 204500;30396.50;30397.25;30382.00;30388.50;2951
20260601 205000;30388.00;30390.50;30375.00;30378.25;3017
20260601 205500;30378.50;30382.50;30363.00;30373.00;5550
20260601 210000;30372.75;30384.25;30357.00;30368.50;6357
20260601 210500;30368.00;30383.25;30364.00;30367.25;3826
20260601 211000;30367.50;30402.00;30366.00;30397.00;5072
20260601 211500;30397.00;30398.75;30384.50;30391.75;2707
20260601 212000;30392.00;30396.50;30373.25;30382.50;3432
20260601 212500;30382.50;30385.25;30344.50;30376.25;5003
20260601 213000;30376.25;30388.50;30372.00;30386.25;3961
20260601 213500;30386.00;30390.50;30360.25;30365.25;3911
20260601 214000;30364.75;30389.00;30355.25;30369.75;5468
20260601 214500;30369.25;30369.75;30345.25;30347.25;4813
20260601 215000;30347.25;30353.75;30338.00;30348.50;3965
20260601 215500;30348.25;30354.25;30332.75;30333.50;3716
20260601 220000;30333.50;30348.00;30327.50;30332.50;4609
20260601 220500;30333.00;30340.75;30323.00;30323.75;3769
20260601 221000;30324.00;30345.00;30321.00;30338.25;3797
20260601 221500;30338.00;30359.75;30331.00;30358.25;4261
20260601 222000;30358.75;30368.50;30348.75;30355.25;3935
20260601 222500;30355.75;30361.50;30344.00;30356.75;2427
20260601 223000;30356.50;30372.50;30356.00;30370.25;3141
20260601 223500;30369.75;30382.25;30367.00;30379.50;2688
20260601 224000;30379.00;30385.00;30366.25;30375.00;3225
20260601 224500;30375.50;30378.50;30362.00;30368.25;2351
20260601 225000;30368.50;30375.75;30364.50;30365.75;1560
20260601 225500;30365.75;30381.50;30365.50;30373.50;2179
20260601 230000;30373.25;30383.50;30364.00;30366.25;2930
20260601 230500;30366.00;30372.25;30349.25;30353.00;3186
20260601 231000;30353.00;30355.50;30338.00;30346.00;3235
20260601 231500;30345.75;30355.50;30326.25;30329.50;3413
20260601 232000;30329.25;30334.50;30317.75;30331.25;3824
20260601 232500;30331.00;30341.25;30319.50;30325.00;3379
20260601 233000;30325.25;30337.50;30318.00;30321.50;3281
20260601 233500;30321.25;30348.50;30320.25;30340.25;3310
20260601 234000;30341.25;30346.50;30326.00;30344.25;2518
20260601 234500;30343.50;30359.50;30342.25;30358.75;2963
20260601 235000;30359.25;30363.75;30354.75;30359.00;1905
20260601 235500;30359.50;30366.00;30354.00;30363.25;1894
20260602 000000;30363.50;30372.50;30358.50;30369.25;2576
20260602 000500;30369.50;30391.50;30369.25;30386.75;4306
20260602 001000;30387.25;30389.00;30374.25;30376.00;2236
20260602 001500;30376.00;30384.25;30369.75;30373.25;1705
20260602 002000;30373.25;30392.00;30373.25;30386.25;1994
20260602 002500;30386.75;30412.75;30383.00;30405.00;4108
20260602 003000;30405.00;30407.00;30397.00;30401.25;2010
20260602 003500;30401.75;30406.75;30393.00;30406.25;1502
20260602 004000;30406.25;30414.50;30401.75;30411.00;1835
20260602 004500;30411.00;30432.75;30409.00;30427.25;3397
20260602 005000;30427.75;30438.00;30424.75;30432.25;2228
20260602 005500;30431.75;30444.75;30430.00;30443.75;2234
20260602 010000;30443.25;30450.00;30430.50;30434.50;3632
20260602 010500;30435.00;30454.25;30430.00;30452.50;2991
20260602 011000;30452.25;30468.75;30448.25;30467.50;3469
20260602 011500;30468.00;30468.50;30456.50;30463.75;2361
20260602 012000;30463.25;30470.00;30462.00;30469.00;1615
20260602 012500;30469.00;30475.25;30460.75;30471.25;2435
20260602 013000;30471.25;30487.75;30470.75;30486.25;2800
20260602 013500;30486.25;30493.50;30471.75;30475.00;3900
20260602 014000;30475.50;30483.25;30472.50;30482.50;1648
20260602 014500;30482.50;30484.50;30466.50;30471.00;2411
20260602 015000;30471.50;30473.50;30459.00;30463.00;2322
20260602 015500;30463.75;30479.00;30458.50;30476.50;2066
20260602 020000;30476.50;30487.50;30472.25;30481.50;2970
20260602 020500;30482.00;30493.00;30476.00;30478.00;2847
20260602 021000;30478.00;30485.00;30468.75;30482.75;2328
20260602 021500;30482.50;30497.75;30481.50;30490.00;2478
20260602 022000;30490.50;30502.75;30490.25;30496.75;2772
20260602 022500;30496.75;30497.25;30484.00;30487.50;2101
20260602 023000;30487.00;30489.25;30466.50;30486.25;3175
20260602 023500;30486.00;30509.50;30481.00;30501.00;4721
20260602 024000;30500.50;30506.75;30494.50;30496.25;1403
20260602 024500;30496.75;30513.75;30493.75;30509.75;2572
20260602 025000;30509.00;30509.75;30503.00;30507.25;1197
20260602 025500;30506.75;30516.25;30503.75;30514.50;1933
20260602 030000;30514.50;30528.25;30509.00;30525.25;3810
20260602 030500;30525.00;30542.25;30525.00;30539.50;4482
20260602 031000;30538.75;30544.00;30531.00;30535.75;2226
20260602 031500;30535.50;30537.50;30528.75;30532.75;1812
20260602 032000;30532.50;30547.50;30531.75;30542.25;2633
20260602 032500;30543.00;30543.75;30525.00;30531.50;2652
20260602 033000;30531.00;30535.25;30520.75;30526.25;2433
20260602 033500;30526.50;30540.00;30520.75;30525.00;2102
20260602 034000;30525.00;30534.50;30522.00;30529.75;1387
20260602 034500;30529.50;30530.50;30510.50;30515.75;3258
20260602 035000;30516.00;30532.75;30511.50;30528.00;2304
20260602 035500;30527.75;30531.00;30520.75;30529.50;1817
20260602 040000;30529.75;30568.00;30529.75;30565.25;6783
20260602 040500;30565.50;30566.00;30548.25;30559.25;3666
20260602 041000;30558.25;30570.00;30542.75;30556.25;3250
20260602 041500;30555.75;30568.00;30550.25;30552.00;2366
20260602 042000;30551.75;30558.50;30532.75;30542.50;3896
20260602 042500;30543.50;30552.00;30536.75;30546.25;3009
20260602 043000;30546.50;30565.50;30543.50;30557.00;2782
20260602 043500;30556.50;30565.75;30552.25;30559.00;1553
20260602 044000;30558.25;30566.25;30547.25;30547.75;1851
20260602 044500;30548.25;30563.00;30546.25;30559.00;1580
20260602 045000;30559.75;30564.50;30544.00;30550.00;1517
20260602 045500;30549.25;30552.75;30540.75;30549.00;1547
20260602 050000;30548.00;30549.75;30525.50;30528.00;2546
20260602 050500;30529.00;30547.75;30528.00;30547.75;2008
20260602 051000;30546.75;30549.25;30535.75;30539.50;1405
20260602 051500;30540.00;30553.00;30537.75;30548.25;2111
20260602 052000;30549.00;30549.25;30527.75;30536.75;1957
20260602 052500;30537.25;30539.50;30526.75;30535.25;1706
20260602 053000;30536.00;30549.25;30533.25;30546.00;1698
20260602 053500;30545.75;30549.50;30537.75;30549.25;1037
20260602 054000;30549.75;30582.25;30537.00;30577.00;5582
20260602 054500;30577.00;30585.25;30567.50;30579.75;2968
20260602 055000;30579.50;30587.75;30564.25;30567.50;2888
20260602 055500;30567.75;30576.75;30565.25;30565.50;1748
20260602 060000;30565.25;30566.50;30553.25;30560.00;2540
20260602 060500;30560.00;30567.50;30557.50;30563.00;1669
20260602 061000;30562.50;30572.00;30559.00;30560.00;1887
20260602 061500;30560.00;30567.50;30556.00;30564.25;1800
20260602 062000;30564.25;30566.75;30551.50;30564.75;1694
20260602 062500;30564.25;30566.25;30546.50;30554.25;2155
20260602 063000;30555.00;30558.00;30538.75;30539.25;1832
20260602 063500;30540.00;30546.00;30532.00;30543.50;2170
20260602 064000;30544.00;30544.50;30533.75;30536.00;1551
20260602 064500;30535.50;30539.50;30527.75;30532.50;2248
20260602 065000;30533.00;30544.25;30532.50;30541.50;1401
20260602 065500;30540.75;30542.00;30528.75;30529.25;1443
20260602 070000;30529.75;30532.75;30502.50;30507.75;5030
20260602 070500;30507.25;30535.75;30506.75;30535.75;3015
20260602 071000;30535.75;30548.75;30530.50;30544.00;3432
20260602 071500;30543.50;30548.25;30535.50;30541.00;2698
20260602 072000;30541.00;30541.25;30525.25;30528.75;2718
20260602 072500;30528.25;30550.50;30526.00;30548.00;2819
20260602 073000;30549.00;30574.25;30547.25;30566.75;6253
20260602 073500;30566.25;30569.75;30558.25;30565.50;2349
20260602 074000;30565.25;30566.75;30548.75;30551.25;2611
20260602 074500;30551.75;30554.25;30541.25;30547.25;2566
20260602 075000;30547.00;30554.75;30542.50;30549.00;2178
20260602 075500;30548.75;30550.50;30529.75;30531.25;3067
20260602 080000;30531.25;30541.00;30528.25;30540.00;2582
20260602 080500;30539.75;30543.25;30526.75;30541.50;3242
20260602 081000;30541.25;30545.75;30528.50;30530.50;2638
20260602 081500;30530.50;30538.75;30519.25;30526.75;4124
20260602 082000;30526.75;30557.00;30524.00;30556.50;5886
20260602 082500;30556.50;30560.00;30543.25;30548.75;3167
20260602 083000;30548.75;30551.50;30526.00;30534.00;4788
20260602 083500;30533.50;30543.25;30531.75;30541.75;2839
20260602 084000;30542.25;30560.50;30542.25;30555.00;4512
20260602 084500;30555.00;30556.00;30541.50;30548.25;2960
20260602 085000;30547.75;30554.75;30530.75;30535.25;3796
20260602 085500;30534.75;30539.75;30526.25;30529.50;3292
20260602 090000;30529.50;30536.50;30520.00;30527.50;6125
20260602 090500;30527.00;30533.50;30481.00;30492.75;14054
20260602 091000;30493.25;30508.25;30487.00;30492.75;9006
20260602 091500;30492.75;30518.00;30489.00;30511.50;6684
20260602 092000;30511.00;30545.25;30510.25;30543.75;9760
20260602 092500;30544.50;30559.25;30536.00;30556.50;15287
20260602 093000;30556.75;30567.50;30466.75;30476.50;56972
20260602 093500;30476.75;30491.00;30451.25;30464.50;41411
20260602 094000;30464.75;30505.75;30423.75;30503.00;51846
20260602 094500;30503.00;30551.00;30495.75;30550.25;41976
20260602 095000;30549.75;30583.75;30540.25;30559.00;40558
20260602 095500;30559.25;30604.00;30534.50;30604.00;43214
20260602 100000;30602.75;30611.00;30526.75;30605.00;37300
20260602 100500;30605.25;30624.25;30593.50;30612.00;29505
20260602 101000;30611.75;30647.25;30596.50;30633.75;32353
20260602 101500;30634.00;30636.50;30602.25;30626.00;28146
20260602 102000;30626.25;30640.00;30572.00;30578.00;37938
20260602 102500;30578.00;30587.75;30537.25;30560.00;41694
20260602 103000;30560.00;30607.00;30554.75;30595.75;35654
20260602 103500;30594.75;30613.75;30586.00;30605.25;24284
20260602 104000;30605.00;30625.00;30575.75;30623.50;26756
20260602 104500;30623.50;30625.00;30601.25;30618.00;20720
20260602 105000;30618.25;30634.75;30609.50;30628.75;17058
20260602 105500;30628.50;30643.25;30621.00;30642.50;14424
20260602 110000;30642.75;30649.25;30617.50;30626.50;22838
20260602 110500;30626.75;30657.50;30612.00;30653.75;22950
20260602 111000;30654.25;30666.25;30639.00;30666.25;17959
20260602 111500;30666.00;30674.00;30660.00;30670.25;16421
20260602 112000;30670.50;30677.00;30661.25;30670.00;12135
20260602 112500;30670.00;30676.75;30652.25;30665.75;15310
20260602 113000;30666.00;30674.00;30649.50;30672.50;13960
20260602 113500;30672.50;30686.00;30668.75;30676.75;13814
20260602 114000;30676.75;30682.50;30664.25;30668.00;10012
20260602 114500;30668.25;30681.00;30657.50;30668.00;11518
20260602 115000;30668.00;30690.00;30660.25;30685.75;12280
20260602 115500;30686.00;30698.00;30680.00;30689.50;14884
20260602 120000;30689.50;30694.75;30668.00;30676.00;13062
20260602 120500;30676.00;30712.50;30676.00;30703.25;20756
20260602 121000;30703.25;30708.25;30693.75;30700.00;9078
20260602 121500;30700.25;30700.50;30668.25;30674.00;14477
20260602 122000;30674.25;30679.50;30651.50;30672.00;17357
20260602 122500;30671.75;30674.00;30654.75;30658.25;10115
20260602 123000;30658.75;30675.25;30654.00;30657.25;12097
20260602 123500;30657.50;30659.50;30640.75;30646.25;15218
20260602 124000;30646.25;30657.50;30645.75;30647.25;8357
20260602 124500;30647.50;30674.75;30642.00;30672.50;12839
20260602 125000;30672.75;30687.50;30672.50;30678.25;12260
20260602 125500;30677.75;30695.00;30673.00;30691.50;10815
20260602 130000;30691.50;30703.00;30677.50;30699.00;13352
20260602 130500;30698.50;30702.00;30684.75;30691.75;10496
20260602 131000;30692.50;30699.25;30685.25;30695.50;6564
20260602 131500;30695.75;30696.25;30652.25;30653.25;15770
20260602 132000;30653.25;30665.75;30635.75;30645.75;14553
20260602 132500;30645.75;30648.75;30632.00;30643.00;13105
20260602 133000;30643.25;30650.00;30625.00;30626.25;14035
20260602 133500;30626.25;30630.00;30609.00;30612.50;13996
20260602 134000;30612.50;30640.00;30611.00;30635.75;14264
20260602 134500;30635.50;30649.00;30630.25;30645.75;10103
20260602 135000;30645.75;30650.25;30633.25;30641.00;9568
20260602 135500;30641.00;30641.00;30624.75;30627.75;8947
20260602 140000;30628.25;30632.25;30614.50;30621.00;10251
20260602 140500;30621.00;30648.25;30620.75;30643.75;10277
20260602 141000;30643.75;30668.50;30642.75;30647.50;12792
20260602 141500;30648.50;30648.50;30632.50;30634.00;9796
20260602 142000;30634.50;30641.75;30629.50;30635.25;6172
20260602 142500;30634.50;30645.25;30631.75;30637.25;6233
20260602 143000;30638.25;30654.75;30637.50;30639.25;10261
20260602 143500;30639.00;30639.50;30608.50;30609.00;12400
20260602 144000;30609.25;30622.25;30597.75;30617.50;12350
20260602 144500;30617.50;30634.00;30613.00;30629.50;8011
20260602 145000;30630.00;30633.75;30615.00;30625.25;7461
20260602 145500;30625.50;30641.25;30618.75;30638.25;7308
20260602 150000;30638.75;30668.50;30637.50;30667.50;12736
20260602 150500;30667.75;30671.50;30655.75;30666.75;10812
20260602 151000;30666.75;30682.50;30666.00;30672.50;10614
20260602 151500;30672.75;30678.00;30662.25;30670.50;7682
20260602 152000;30670.25;30686.75;30668.25;30683.00;8718
20260602 152500;30682.50;30685.50;30661.00;30664.00;8403
20260602 153000;30664.25;30680.00;30662.50;30675.25;9981
20260602 153500;30675.25;30684.00;30670.50;30671.25;6507
20260602 154000;30671.00;30686.00;30667.50;30681.75;7342
20260602 154500;30681.75;30705.75;30678.00;30702.25;13152
20260602 155000;30702.50;30713.00;30690.00;30699.50;17091
20260602 155500;30699.25;30720.50;30693.00;30707.25;17883
20260602 160000;30707.00;30736.00;30697.75;30733.25;13350
20260602 160500;30732.75;30763.50;30732.75;30743.00;14662
20260602 161000;30742.50;30754.75;30733.75;30738.25;5724
20260602 161500;30739.25;30759.00;30737.00;30757.50;4294
20260602 162000;30757.50;30762.25;30744.75;30747.25;3831
20260602 162500;30747.75;30748.00;30736.75;30737.75;2811
20260602 163000;30737.25;30744.75;30737.00;30740.50;1701
20260602 163500;30740.50;30747.25;30738.50;30740.75;1993
20260602 164000;30740.50;30743.00;30738.00;30742.25;1693
20260602 164500;30742.25;30746.00;30738.25;30744.25;1914
20260602 165000;30743.75;30750.00;30736.00;30740.25;1706
20260602 165500;30740.00;30749.50;30739.75;30743.00;1596
20260602 180000;30743.00;30743.00;30717.00;30718.25;5514
20260602 180500;30719.00;30740.50;30717.75;30734.50;2581
20260602 181000;30735.25;30753.50;30720.75;30729.75;4707
20260602 181500;30730.75;30734.50;30722.25;30729.75;1871
20260602 182000;30729.25;30739.25;30728.75;30734.00;1696
20260602 182500;30734.50;30743.00;30726.25;30740.25;1854
20260602 183000;30740.25;30757.25;30738.50;30749.75;3091
20260602 183500;30749.75;30750.25;30736.00;30742.00;1713
20260602 184000;30741.75;30745.75;30736.00;30737.00;1592
20260602 184500;30737.75;30740.75;30718.25;30727.25;3414
20260602 185000;30727.25;30729.00;30703.00;30711.00;5925
20260602 185500;30710.25;30716.75;30697.75;30704.50;3230
20260602 190000;30704.50;30709.50;30675.50;30675.75;6249
20260602 190500;30676.00;30689.50;30671.00;30671.75;4414
20260602 191000;30672.00;30682.75;30666.50;30675.75;3967
20260602 191500;30676.00;30678.50;30625.75;30629.00;9819
20260602 192000;30630.00;30630.25;30588.00;30593.50;16082
20260602 192500;30592.75;30614.00;30566.25;30611.00;11328
20260602 193000;30610.75;30624.00;30595.00;30606.25;8984
20260602 193500;30606.50;30648.75;30604.00;30646.75;9904
20260602 194000;30646.75;30689.25;30639.25;30681.25;8593
20260602 194500;30681.50;30689.25;30671.00;30677.50;5286
20260602 195000;30677.50;30701.50;30667.50;30697.50;5904
20260602 195500;30697.75;30714.25;30687.00;30707.25;6535
20260602 200000;30707.50;30718.00;30703.25;30711.00;5081
20260602 200500;30711.25;30715.50;30692.25;30698.25;5218
20260602 201000;30700.25;30700.75;30677.00;30678.75;5456
20260602 201500;30678.00;30697.75;30670.75;30695.00;5982
20260602 202000;30694.75;30703.25;30677.50;30680.25;4497
20260602 202500;30680.25;30693.75;30676.50;30691.50;2695
20260602 203000;30692.00;30704.50;30686.75;30699.25;3215
20260602 203500;30699.25;30710.00;30693.25;30705.25;3211
20260602 204000;30705.25;30714.50;30703.25;30714.50;2889
20260602 204500;30713.50;30720.00;30709.00;30712.50;3025
20260602 205000;30712.00;30726.25;30711.50;30719.00;3165
20260602 205500;30718.00;30723.00;30714.75;30720.25;1944
20260602 210000;30719.50;30724.00;30686.00;30690.50;7340
20260602 210500;30690.50;30697.00;30675.00;30684.50;5268
20260602 211000;30684.50;30689.50;30675.00;30675.50;2993
20260602 211500;30676.00;30687.25;30671.25;30684.50;3019
20260602 212000;30685.25;30685.75;30675.25;30679.50;1663
20260602 212500;30678.50;30688.75;30678.25;30685.00;2190
20260602 213000;30685.25;30700.00;30677.25;30696.50;5226
20260602 213500;30696.50;30699.75;30656.75;30671.25;5368
20260602 214000;30671.75;30675.75;30657.00;30667.00;4019
20260602 214500;30667.00;30669.00;30652.00;30666.50;4124
20260602 215000;30666.25;30683.50;30658.25;30677.50;4093
20260602 215500;30677.75;30685.25;30674.00;30683.00;2025
20260602 220000;30683.25;30692.50;30671.75;30684.75;3364
20260602 220500;30684.75;30688.50;30676.50;30683.00;1815
20260602 221000;30683.25;30691.50;30681.25;30690.25;1925
20260602 221500;30689.75;30695.00;30684.50;30686.75;1856
20260602 222000;30687.00;30688.25;30666.75;30668.25;3823
20260602 222500;30668.25;30694.00;30664.25;30679.00;4270
20260602 223000;30679.50;30685.00;30673.25;30678.25;1741
20260602 223500;30678.25;30686.00;30670.75;30683.75;1665
20260602 224000;30684.25;30689.00;30677.75;30680.25;1565
20260602 224500;30680.00;30680.25;30669.75;30673.00;1368
20260602 225000;30673.50;30677.50;30669.00;30672.00;1443
20260602 225500;30671.75;30681.25;30668.25;30679.25;1355
20260602 230000;30679.00;30681.50;30673.00;30678.75;1360
20260602 230500;30679.50;30682.25;30670.75;30676.25;1430
20260602 231000;30676.25;30688.00;30675.50;30687.75;1326
20260602 231500;30687.50;30688.50;30683.00;30686.50;900
20260602 232000;30686.50;30706.00;30686.50;30700.75;3161
20260602 232500;30701.00;30701.25;30681.00;30684.00;2702
20260602 233000;30685.00;30696.50;30684.50;30695.75;1588
20260602 233500;30695.50;30697.00;30688.25;30688.75;974
20260602 234000;30689.00;30701.50;30688.00;30697.75;1228
20260602 234500;30698.50;30699.00;30692.00;30692.25;889
20260602 235000;30692.75;30704.25;30690.75;30703.50;1234
20260602 235500;30703.25;30710.00;30700.75;30705.75;1877
20260603 000000;30706.25;30719.00;30705.50;30717.75;2212
20260603 000500;30717.50;30723.25;30715.75;30722.00;2172
20260603 001000;30721.50;30730.50;30717.25;30724.50;2119
20260603 001500;30724.00;30727.75;30712.50;30717.00;2155
20260603 002000;30716.50;30722.25;30716.00;30720.25;763
20260603 002500;30720.25;30724.75;30718.50;30722.00;937
20260603 003000;30721.75;30729.75;30720.25;30728.00;1002
20260603 003500;30728.00;30730.75;30715.25;30720.00;2000
20260603 004000;30720.25;30724.75;30719.25;30723.25;1198
20260603 004500;30723.25;30724.00;30701.75;30708.25;2840
20260603 005000;30707.75;30713.25;30705.50;30708.75;1018
20260603 005500;30709.00;30710.00;30700.25;30702.25;1268
20260603 010000;30702.00;30703.25;30678.25;30697.00;4061
20260603 010500;30696.75;30710.50;30694.50;30709.00;1922
20260603 011000;30709.00;30718.75;30708.25;30714.00;1901
20260603 011500;30713.00;30716.50;30710.00;30714.75;1221
20260603 012000;30713.75;30721.50;30713.00;30720.00;979
20260603 012500;30720.25;30723.25;30704.00;30707.50;1676
20260603 013000;30707.25;30708.00;30684.00;30695.00;3086
20260603 013500;30694.75;30703.75;30693.50;30702.75;1281
20260603 014000;30702.50;30710.50;30694.00;30695.00;1624
20260603 014500;30694.50;30699.25;30687.75;30693.50;1668
20260603 015000;30693.50;30695.00;30681.75;30693.50;1885
20260603 015500;30693.25;30696.25;30685.00;30689.25;1225
20260603 020000;30689.50;30713.25;30687.25;30712.75;3523
20260603 020500;30712.50;30712.75;30693.75;30695.25;2291
20260603 021000;30694.75;30694.75;30672.50;30683.00;3862
20260603 021500;30682.50;30684.25;30674.25;30682.00;1867
20260603 022000;30682.00;30693.75;30680.75;30693.00;1847
20260603 022500;30693.75;30696.25;30684.50;30691.00;1698
20260603 023000;30690.75;30695.25;30679.50;30686.25;2114
20260603 023500;30686.50;30711.00;30685.00;30708.50;2635
20260603 024000;30709.00;30718.75;30692.75;30705.75;4863
20260603 024500;30705.50;30708.25;30689.25;30693.25;3240
20260603 025000;30693.25;30701.00;30689.25;30691.00;1512
20260603 025500;30691.50;30698.75;30688.25;30698.75;920
20260603 030000;30698.00;30702.00;30687.25;30698.25;2498
20260603 030500;30698.25;30719.75;30697.75;30717.25;3818
20260603 031000;30716.50;30740.00;30713.50;30729.75;4812
20260603 031500;30729.50;30738.00;30721.00;30730.50;2062
20260603 032000;30730.50;30730.75;30708.00;30712.00;2597
20260603 032500;30711.50;30718.50;30704.25;30707.00;2100
20260603 033000;30706.75;30719.75;30694.75;30699.50;3485
20260603 033500;30699.75;30709.50;30691.75;30699.00;2980
20260603 034000;30699.25;30705.00;30686.25;30703.00;3230
20260603 034500;30703.75;30710.75;30697.00;30705.75;1930
20260603 035000;30706.25;30721.25;30699.50;30717.00;2600
20260603 035500;30717.25;30723.00;30711.50;30722.50;1319
20260603 040000;30722.50;30726.25;30701.00;30726.25;3860
20260603 040500;30726.25;30733.00;30710.50;30727.25;4098
20260603 041000;30727.00;30751.50;30725.00;30734.50;3981
20260603 041500;30735.25;30742.25;30726.25;30732.75;2919
20260603 042000;30732.25;30733.50;30701.25;30708.75;4264
20260603 042500;30709.25;30740.00;30706.25;30738.25;3320
20260603 043000;30738.50;30741.50;30723.75;30734.25;2726
20260603 043500;30734.75;30735.00;30711.25;30714.25;2475
20260603 044000;30714.25;30722.25;30709.00;30716.75;2031
20260603 044500;30717.00;30726.25;30710.25;30718.00;2165
20260603 045000;30718.50;30722.25;30706.75;30713.25;1514
20260603 045500;30713.00;30718.50;30709.75;30717.00;1134
20260603 050000;30717.00;30721.25;30711.50;30719.50;1488
20260603 050500;30719.75;30747.50;30717.25;30747.25;3023
20260603 051000;30747.25;30750.75;30737.75;30742.00;2872
20260603 051500;30742.00;30757.00;30735.00;30749.00;3377
20260603 052000;30749.00;30768.00;30739.25;30740.00;4440
20260603 052500;30739.50;30772.25;30739.00;30766.50;3358
20260603 053000;30766.50;30769.75;30754.00;30755.00;2700
20260603 053500;30755.00;30764.25;30748.25;30761.75;2275
20260603 054000;30761.75;30765.00;30749.25;30764.00;2009
20260603 054500;30762.50;30764.25;30737.00;30747.00;3407
20260603 055000;30746.75;30758.25;30742.75;30744.75;2214
20260603 055500;30744.00;30756.50;30731.00;30734.00;2773
20260603 060000;30734.50;30737.00;30715.75;30717.75;3553
20260603 060500;30717.00;30785.50;30716.50;30760.75;14867
20260603 061000;30759.75;30766.00;30748.00;30759.25;4461
20260603 061500;30759.50;30759.75;30741.00;30746.00;2823
20260603 062000;30746.75;30755.50;30738.50;30753.50;3186
20260603 062500;30753.00;30764.50;30747.25;30763.75;2930
20260603 063000;30764.25;30783.50;30758.00;30772.50;3735
20260603 063500;30772.50;30773.00;30758.25;30765.50;2694
20260603 064000;30765.25;30766.25;30743.50;30744.50;2754
20260603 064500;30744.50;30757.75;30744.25;30754.25;2186
20260603 065000;30754.50;30758.00;30746.00;30754.75;2098
20260603 065500;30754.75;30764.50;30752.25;30754.00;2467
20260603 070000;30754.00;30779.25;30753.00;30776.50;4176
20260603 070500;30776.75;30781.75;30762.00;30767.00;2987
20260603 071000;30767.25;30781.50;30766.75;30774.25;2607
20260603 071500;30774.00;30776.75;30765.75;30775.00;2028
20260603 072000;30774.50;30778.00;30765.00;30772.00;2158
20260603 072500;30772.00;30785.75;30766.75;30776.00;3565
20260603 073000;30776.25;30794.00;30775.50;30780.75;4324
20260603 073500;30781.00;30785.50;30770.50;30781.00;3081
20260603 074000;30781.00;30781.75;30768.75;30773.00;2062
20260603 074500;30773.25;30776.25;30766.50;30772.00;2469
20260603 075000;30771.75;30782.25;30767.00;30778.00;2622
20260603 075500;30778.25;30790.00;30777.00;30780.00;3285
20260603 080000;30780.25;30797.00;30772.50;30793.50;4996
20260603 080500;30792.75;30797.50;30783.75;30790.00;3177
20260603 081000;30790.25;30797.00;30788.00;30791.25;2375
20260603 081500;30791.25;30791.75;30758.25;30765.00;6338
20260603 082000;30764.75;30775.00;30763.25;30767.75;4310
20260603 082500;30767.25;30769.25;30754.00;30754.00;4329
20260603 083000;30754.25;30755.50;30726.00;30731.00;9396
20260603 083500;30730.50;30736.50;30703.75;30708.25;8695
20260603 084000;30708.25;30729.00;30705.50;30726.75;8664
20260603 084500;30726.50;30733.75;30718.75;30728.25;6066
20260603 085000;30728.00;30734.75;30711.50;30714.00;6322
20260603 085500;30712.50;30720.75;30699.25;30717.50;7985
20260603 090000;30717.50;30732.50;30713.00;30730.50;6473
20260603 090500;30730.75;30738.00;30715.50;30736.25;7947
20260603 091000;30737.25;30742.25;30724.75;30730.50;6996
20260603 091500;30730.25;30745.00;30728.50;30743.50;5859
20260603 092000;30743.50;30756.50;30737.75;30753.75;7604
20260603 092500;30753.50;30769.00;30737.75;30754.25;14276
20260603 093000;30754.75;30807.75;30714.00;30714.25;69179
20260603 093500;30715.00;30735.50;30666.50;30734.50;70724
20260603 094000;30734.75;30737.25;30622.75;30625.50;58000
20260603 094500;30625.25;30649.25;30506.25;30523.75;76781
20260603 095000;30524.00;30625.00;30495.50;30572.50;79613
20260603 095500;30572.75;30601.00;30544.25;30558.50;44252
20260603 100000;30562.25;30644.25;30531.75;30621.00;48398
20260603 100500;30622.00;30650.00;30597.50;30635.75;41871
20260603 101000;30636.25;30688.25;30632.00;30687.25;34793
20260603 101500;30687.50;30706.25;30667.00;30678.00;43858
20260603 102000;30678.50;30712.00;30661.00;30676.00;40208
20260603 102500;30676.75;30724.75;30665.00;30722.75;28229
20260603 103000;30722.75;30728.00;30691.25;30705.75;30023
20260603 103500;30705.50;30718.00;30666.75;30711.25;31661
20260603 104000;30712.50;30739.50;30697.00;30701.25;27807
20260603 104500;30701.00;30722.75;30673.50;30680.75;28567
20260603 105000;30680.75;30699.25;30655.50;30684.50;33470
20260603 105500;30684.50;30687.00;30645.00;30667.00;25257
20260603 110000;30667.25;30708.00;30664.25;30694.00;27171
20260603 110500;30694.50;30698.50;30672.00;30684.25;19500
20260603 111000;30684.50;30715.75;30681.00;30692.75;19921
20260603 111500;30692.50;30698.75;30668.25;30681.00;18952
20260603 112000;30680.75;30693.75;30624.00;30635.50;32070
20260603 112500;30635.75;30672.50;30615.00;30668.75;30057
20260603 113000;30668.50;30692.00;30631.50;30639.50;29071
20260603 113500;30640.00;30665.50;30616.00;30622.50;26547
20260603 114000;30623.00;30628.50;30599.25;30602.00;23406
20260603 114500;30602.00;30614.50;30568.00;30604.50;31743
20260603 115000;30604.50;30631.75;30591.25;30610.25;22731
20260603 115500;30610.00;30624.50;30595.50;30604.50;16200
20260603 120000;30604.50;30622.00;30579.25;30604.00;19308
20260603 120500;30603.75;30613.50;30578.75;30592.25;16175
20260603 121000;30592.25;30623.25;30588.75;30611.75;13803
20260603 121500;30612.00;30612.00;30565.25;30590.00;22464
20260603 122000;30590.25;30598.75;30547.25;30549.00;20750
20260603 122500;30548.25;30557.75;30530.75;30552.75;25681
20260603 123000;30552.75;30578.75;30546.00;30564.00;19978
20260603 123500;30563.50;30563.75;30527.75;30535.25;19621
20260603 124000;30535.00;30548.00;30505.50;30530.50;23187
20260603 124500;30530.00;30578.25;30530.00;30571.25;18798
20260603 125000;30571.75;30592.50;30562.75;30571.50;19849
20260603 125500;30571.50;30607.50;30562.00;30607.00;17773
20260603 130000;30607.00;30609.25;30568.50;30569.75;17092
20260603 130500;30570.25;30597.00;30545.75;30579.75;22528
20260603 131000;30579.75;30584.75;30533.75;30543.75;17789
20260603 131500;30544.25;30551.75;30518.50;30530.25;15459
20260603 132000;30530.50;30562.50;30521.75;30560.50;14847
20260603 132500;30560.50;30575.50;30552.50;30573.00;13040
20260603 133000;30573.25;30592.25;30544.00;30590.50;17693
20260603 133500;30591.00;30603.50;30580.75;30591.25;12709
20260603 134000;30591.50;30615.75;30582.00;30613.25;11470
20260603 134500;30613.75;30624.00;30604.25;30619.00;13352
20260603 135000;30618.75;30637.50;30614.25;30637.00;11486
20260603 135500;30637.50;30647.25;30632.75;30642.75;10932
20260603 140000;30643.25;30654.00;30634.00;30651.25;12456
20260603 140500;30651.75;30652.00;30633.00;30639.25;12683
20260603 141000;30638.50;30645.00;30612.75;30625.75;13966
20260603 141500;30625.75;30639.50;30608.00;30639.00;15264
20260603 142000;30639.25;30660.25;30617.00;30660.00;14535
20260603 142500;30660.50;30680.00;30655.50;30677.00;14415
20260603 143000;30677.00;30682.50;30661.50;30662.50;12264
20260603 143500;30662.50;30664.50;30638.00;30646.00;15033
20260603 144000;30646.00;30655.75;30632.00;30651.50;12438
20260603 144500;30651.50;30668.00;30646.75;30650.00;10889
20260603 145000;30650.25;30662.50;30641.00;30652.75;10950
20260603 145500;30653.00;30657.25;30636.25;30651.75;9975
20260603 150000;30651.75;30652.25;30618.00;30635.00;16984
20260603 150500;30635.25;30659.50;30633.75;30639.50;13085
20260603 151000;30640.75;30645.50;30615.50;30636.25;13075
20260603 151500;30637.00;30660.00;30623.00;30640.25;15452
20260603 152000;30641.00;30644.50;30613.50;30621.00;12852
20260603 152500;30621.25;30638.50;30610.75;30635.00;10842
20260603 153000;30635.00;30650.50;30627.00;30648.75;12690
20260603 153500;30649.00;30683.50;30643.75;30676.00;14302
20260603 154000;30676.25;30692.00;30670.00;30683.75;13134
20260603 154500;30683.50;30694.75;30673.00;30686.50;12044
20260603 155000;30686.25;30693.50;30645.50;30647.75;24604
20260603 155500;30647.00;30660.00;30625.00;30635.75;24952
20260603 160000;30635.50;30639.50;30601.00;30617.50;16385
20260603 160500;30617.25;30618.25;30594.50;30609.25;9460
20260603 161000;30609.25;30625.75;30603.50;30607.25;7894
20260603 161500;30607.75;30612.75;30542.00;30574.00;16500
20260603 162000;30573.75;30601.25;30570.25;30583.75;8533
20260603 162500;30584.00;30587.25;30559.75;30564.25;6194
20260603 163000;30564.00;30566.75;30535.00;30545.25;7382
20260603 163500;30545.75;30559.50;30520.00;30534.00;6646
20260603 164000;30533.00;30533.25;30498.00;30501.25;9081
20260603 164500;30501.50;30525.00;30490.75;30492.75;6605
20260603 165000;30493.00;30497.00;30478.25;30490.75;5750
20260603 165500;30490.25;30505.75;30477.75;30494.25;3650
20260603 180000;30460.50;30500.00;30433.25;30472.50;9761
20260603 180500;30473.25;30479.00;30442.75;30477.50;6795
20260603 181000;30478.25;30480.00;30439.50;30456.25;4812
20260603 181500;30456.75;30459.50;30422.25;30425.00;5842
20260603 182000;30425.00;30447.25;30405.75;30428.00;8090
20260603 182500;30428.50;30462.25;30428.25;30437.75;5843
20260603 183000;30438.25;30470.00;30433.50;30461.00;6341
20260603 183500;30460.50;30463.25;30430.75;30441.50;4683
20260603 184000;30441.50;30450.75;30424.00;30439.00;4132
20260603 184500;30438.00;30445.25;30400.25;30416.50;6298
20260603 185000;30417.00;30420.50;30370.00;30401.50;8799
20260603 185500;30400.25;30471.00;30397.00;30458.00;10842
20260603 190000;30457.50;30463.75;30426.00;30438.25;5966
20260603 190500;30437.75;30438.25;30413.25;30415.25;5192
20260603 191000;30414.75;30432.50;30404.50;30426.75;4329
20260603 191500;30426.00;30431.50;30400.00;30408.75;4151
20260603 192000;30408.50;30418.00;30388.00;30395.00;5156
20260603 192500;30396.00;30416.75;30392.25;30405.50;3661
20260603 193000;30406.25;30423.25;30385.25;30390.00;5687
20260603 193500;30389.25;30397.00;30378.00;30386.75;4779
20260603 194000;30386.25;30403.75;30379.50;30387.50;4111
20260603 194500;30387.50;30396.50;30367.75;30385.25;6023
20260603 195000;30385.00;30421.75;30380.75;30420.75;6094
20260603 195500;30420.25;30421.25;30389.50;30394.75;4646
20260603 200000;30393.25;30450.00;30376.75;30438.25;15379
20260603 200500;30439.50;30454.75;30431.25;30440.00;6089
20260603 201000;30439.75;30451.50;30428.75;30434.75;5004
20260603 201500;30434.25;30462.75;30410.50;30444.50;9152
20260603 202000;30444.50;30454.25;30425.50;30438.50;5513
20260603 202500;30439.25;30458.25;30435.25;30455.50;4077
20260603 203000;30456.25;30497.00;30454.00;30492.00;8862
20260603 203500;30492.50;30501.75;30465.25;30476.25;6778
20260603 204000;30477.25;30496.50;30470.50;30496.50;3605
20260603 204500;30496.50;30497.75;30480.50;30487.75;3926
20260603 205000;30487.75;30503.00;30472.75;30501.25;4178
20260603 205500;30501.25;30502.75;30484.25;30499.25;3888
20260603 210000;30499.00;30510.25;30495.25;30504.75;5143
20260603 210500;30505.00;30519.00;30501.50;30518.00;3979
20260603 211000;30518.00;30531.00;30511.75;30516.00;5124
20260603 211500;30515.75;30516.50;30483.00;30487.50;5898
20260603 212000;30487.25;30501.75;30481.25;30483.00;3891
20260603 212500;30482.25;30496.50;30472.00;30490.00;4536
20260603 213000;30491.25;30525.00;30491.25;30514.50;5142
20260603 213500;30514.50;30523.25;30500.00;30503.00;3485
20260603 214000;30502.50;30504.50;30475.00;30483.50;4717
20260603 214500;30483.50;30488.50;30463.25;30481.00;5042
20260603 215000;30482.25;30483.25;30438.50;30443.00;6523
20260603 215500;30442.25;30456.75;30438.00;30453.75;4397
20260603 220000;30453.50;30456.75;30424.00;30427.00;5507
20260603 220500;30426.50;30447.25;30422.00;30422.00;4802
20260603 221000;30422.50;30424.50;30391.50;30394.25;6949
20260603 221500;30394.50;30395.75;30352.50;30379.00;11198
20260603 222000;30379.75;30406.00;30375.50;30396.50;6540
20260603 222500;30396.50;30424.50;30396.50;30414.75;5808
20260603 223000;30414.00;30417.25;30388.00;30398.75;5771
20260603 223500;30399.50;30411.25;30388.00;30403.00;4219
20260603 224000;30403.25;30418.25;30401.25;30410.25;2737
20260603 224500;30410.25;30439.25;30409.50;30434.75;4455
20260603 225000;30434.75;30442.00;30415.25;30420.50;3684
20260603 225500;30421.00;30423.00;30408.50;30412.75;3040
20260603 230000;30412.75;30435.00;30409.75;30433.00;3574
20260603 230500;30434.00;30443.75;30430.00;30440.75;3259
20260603 231000;30441.25;30453.25;30433.50;30439.25;3889
20260603 231500;30439.00;30460.00;30438.00;30457.25;3499
20260603 232000;30457.75;30458.00;30447.75;30453.25;1737
20260603 232500;30453.50;30470.50;30451.00;30469.75;3183
20260603 233000;30469.25;30487.00;30469.25;30483.00;4567
20260603 233500;30483.75;30484.00;30465.75;30476.50;3364
20260603 234000;30475.75;30477.75;30450.75;30454.75;3688
20260603 234500;30454.50;30460.00;30446.25;30455.50;2727
20260603 235000;30454.50;30471.00;30453.25;30460.00;3093
20260603 235500;30460.00;30484.75;30459.25;30480.25;2831
20260604 000000;30480.50;30484.25;30465.50;30475.25;2620
20260604 000500;30475.50;30481.50;30470.25;30472.00;1425
20260604 001000;30472.00;30497.25;30472.00;30497.00;2948
20260604 001500;30497.25;30500.00;30485.00;30493.25;2513
20260604 002000;30492.75;30502.50;30488.75;30498.50;1818
20260604 002500;30498.50;30500.25;30486.75;30489.50;1843
20260604 003000;30488.75;30507.75;30483.00;30499.75;2962
20260604 003500;30499.50;30506.75;30492.00;30498.50;2372
20260604 004000;30497.75;30505.25;30492.50;30504.50;1942
20260604 004500;30504.25;30508.50;30490.50;30495.50;1891
20260604 005000;30496.00;30502.00;30489.50;30498.75;1532
20260604 005500;30498.75;30502.00;30492.50;30497.75;1132
20260604 010000;30498.00;30500.50;30478.00;30482.75;3354
20260604 010500;30483.25;30493.25;30461.50;30461.75;3639
20260604 011000;30462.75;30475.00;30450.00;30474.25;4056
20260604 011500;30474.50;30483.75;30460.75;30473.50;2972
20260604 012000;30473.75;30473.75;30455.00;30458.50;2268
20260604 012500;30458.25;30466.50;30451.75;30461.50;1674
20260604 013000;30462.75;30483.25;30454.00;30477.75;2877
20260604 013500;30478.00;30486.75;30463.50;30476.00;2663
20260604 014000;30476.50;30493.25;30472.75;30492.25;2306
20260604 014500;30491.75;30492.75;30470.50;30472.00;2430
20260604 015000;30471.75;30478.75;30462.50;30467.75;2172
20260604 015500;30467.00;30487.50;30457.75;30483.75;2489
20260604 020000;30484.50;30498.25;30477.25;30489.75;2741
20260604 020500;30489.75;30497.50;30482.25;30493.00;1785
20260604 021000;30492.25;30501.00;30480.75;30484.50;2035
20260604 021500;30485.25;30489.25;30475.25;30476.50;2224
20260604 022000;30477.50;30482.75;30465.00;30466.75;2619
20260604 022500;30467.25;30490.25;30465.75;30489.00;2980
20260604 023000;30488.75;30494.50;30469.75;30485.00;3764
20260604 023500;30485.75;30503.50;30484.25;30501.75;3282
20260604 024000;30501.75;30520.00;30501.00;30519.25;3259
20260604 024500;30518.50;30519.00;30502.50;30510.00;2172
20260604 025000;30510.25;30534.25;30509.50;30528.25;4002
20260604 025500;30527.50;30533.75;30524.00;30530.00;1993
20260604 030000;30530.00;30544.00;30512.75;30540.50;4716
20260604 030500;30540.25;30546.00;30522.75;30526.00;3648
20260604 031000;30525.75;30543.00;30525.00;30532.75;2390
20260604 031500;30532.25;30535.00;30507.75;30513.50;3808
20260604 032000;30513.00;30518.25;30489.25;30512.75;4555
20260604 032500;30512.75;30520.00;30495.50;30518.25;2901
20260604 033000;30518.50;30533.00;30514.50;30524.50;3541
20260604 033500;30525.00;30529.50;30513.25;30515.50;2413
20260604 034000;30514.75;30519.00;30502.75;30504.25;2804
20260604 034500;30504.25;30515.50;30499.50;30511.25;2501
20260604 035000;30511.75;30512.75;30493.75;30503.75;2674
20260604 035500;30503.50;30503.50;30490.00;30499.50;1985
20260604 040000;30499.25;30501.50;30468.25;30471.25;5594
20260604 040500;30470.75;30479.25;30430.50;30443.50;7583
20260604 041000;30443.25;30448.00;30405.00;30405.25;7367
20260604 041500;30405.25;30424.50;30397.50;30399.25;7829
20260604 042000;30399.50;30401.75;30358.00;30383.25;9895
20260604 042500;30384.00;30385.75;30339.50;30372.50;10850
20260604 043000;30372.25;30402.50;30363.25;30385.25;9713
20260604 043500;30384.50;30400.75;30377.75;30391.00;4777
20260604 044000;30390.25;30395.75;30366.00;30367.00;4269
20260604 044500;30367.25;30377.50;30330.25;30334.75;5658
20260604 045000;30334.50;30344.75;30327.00;30331.25;4722
20260604 045500;30331.00;30359.00;30326.50;30343.75;5221
20260604 050000;30343.75;30346.50;30298.75;30308.00;8898
20260604 050500;30306.75;30322.00;30289.25;30313.50;8341
20260604 051000;30313.00;30318.75;30257.50;30259.25;9395
20260604 051500;30260.25;30274.75;30245.50;30264.75;8700
20260604 052000;30264.75;30304.50;30264.00;30290.25;8090
20260604 052500;30290.25;30312.25;30287.50;30304.00;4951
20260604 053000;30303.50;30328.00;30291.50;30324.75;5569
20260604 053500;30325.25;30332.25;30304.50;30307.25;6051
20260604 054000;30307.25;30312.25;30294.00;30298.00;3882
20260604 054500;30297.75;30333.75;30294.50;30329.25;5357
20260604 055000;30328.75;30346.50;30314.00;30345.50;5405
20260604 055500;30346.00;30349.00;30328.50;30336.50;3942
20260604 060000;30336.25;30338.50;30311.25;30323.25;5195
20260604 060500;30322.75;30324.25;30307.25;30312.25;3435
20260604 061000;30312.25;30318.75;30298.00;30307.25;4249
20260604 061500;30308.75;30310.25;30278.25;30280.50;4455
20260604 062000;30280.00;30304.25;30277.25;30304.00;4316
20260604 062500;30304.25;30306.75;30268.50;30272.00;5291
20260604 063000;30271.25;30291.50;30267.50;30271.00;5299
20260604 063500;30271.50;30277.25;30259.25;30264.75;3565
20260604 064000;30264.50;30273.50;30247.00;30254.50;5139
20260604 064500;30254.75;30275.50;30247.00;30255.50;5073
20260604 065000;30255.00;30256.75;30212.25;30240.75;10636
20260604 065500;30241.75;30245.00;30204.00;30244.50;7418
20260604 070000;30245.00;30265.00;30235.00;30261.00;9232
20260604 070500;30261.75;30262.75;30231.75;30243.50;5795
20260604 071000;30242.75;30259.75;30233.00;30246.00;4920
20260604 071500;30245.50;30276.75;30242.25;30260.00;7394
20260604 072000;30260.75;30270.00;30227.50;30258.25;7717
20260604 072500;30258.25;30279.75;30247.00;30270.75;7235
20260604 073000;30271.25;30288.50;30234.25;30238.25;7905
20260604 073500;30237.75;30238.00;30163.00;30208.25;18239
20260604 074000;30208.00;30209.50;30177.75;30196.50;9821
20260604 074500;30195.75;30234.75;30191.50;30233.50;9282
20260604 075000;30233.75;30266.50;30230.00;30262.25;9955
20260604 075500;30261.75;30282.50;30249.00;30279.25;9564
20260604 080000;30279.25;30285.00;30245.50;30250.00;10029
20260604 080500;30249.25;30286.25;30241.75;30264.50;10192
20260604 081000;30264.25;30274.00;30224.50;30237.50;9868
20260604 081500;30238.00;30253.75;30227.00;30234.25;7687
20260604 082000;30234.25;30251.25;30223.25;30237.50;6547
20260604 082500;30237.00;30250.50;30226.00;30246.25;4595
20260604 083000;30246.75;30282.25;30244.25;30266.00;9588
20260604 083500;30266.25;30300.75;30256.75;30281.75;9475
20260604 084000;30282.25;30312.75;30274.00;30309.00;8687
20260604 084500;30308.75;30327.75;30289.25;30324.25;11643
20260604 085000;30324.25;30330.00;30305.50;30315.25;8934
20260604 085500;30315.00;30321.75;30297.00;30310.25;7195
20260604 090000;30310.00;30317.00;30288.00;30295.25;10004
20260604 090500;30295.00;30314.50;30291.00;30305.50;8265
20260604 091000;30305.50;30311.25;30295.25;30301.50;6455
20260604 091500;30300.75;30329.25;30298.50;30325.00;7919
20260604 092000;30325.00;30331.00;30312.00;30322.25;7472
20260604 092500;30323.00;30323.00;30265.00;30268.25;20282
20260604 093000;30268.75;30353.75;30210.00;30343.25;84731
20260604 093500;30343.50;30364.50;30305.00;30332.00;60523
20260604 094000;30332.00;30341.50;30220.50;30226.50;63919
20260604 094500;30226.50;30284.25;30187.50;30248.50;72216
20260604 095000;30248.50;30316.50;30220.00;30245.75;61505
20260604 095500;30246.25;30305.50;30232.25;30248.00;45566
20260604 100000;30248.00;30273.75;30194.00;30198.00;45519
20260604 100500;30197.25;30209.00;30152.25;30185.75;56800
20260604 101000;30185.75;30282.75;30181.25;30279.25;51150
20260604 101500;30279.50;30306.50;30262.50;30263.25;42438
20260604 102000;30263.75;30324.50;30251.25;30323.75;38185
20260604 102500;30323.25;30348.25;30308.75;30341.25;34010
20260604 103000;30341.25;30348.00;30300.00;30326.50;35543
20260604 103500;30326.25;30335.25;30293.75;30311.75;30729
20260604 104000;30312.00;30339.25;30299.25;30300.25;22111
20260604 104500;30300.25;30334.25;30286.75;30315.50;26940
20260604 105000;30315.25;30330.00;30297.75;30320.25;21644
20260604 105500;30320.25;30359.50;30317.25;30356.75;21833
20260604 110000;30356.50;30382.00;30354.00;30369.75;28289
20260604 110500;30369.50;30437.75;30368.75;30429.75;29458
20260604 111000;30430.25;30453.00;30418.00;30450.50;23538
20260604 111500;30450.75;30469.00;30442.50;30462.50;22250
20260604 112000;30462.50;30467.75;30431.75;30461.25;24111
20260604 112500;30461.00;30461.75;30437.75;30441.75;14295
20260604 113000;30442.25;30448.00;30426.25;30440.25;15466
20260604 113500;30440.25;30448.50;30425.25;30443.25;14389
20260604 114000;30443.50;30447.75;30411.25;30419.00;13567
20260604 114500;30418.75;30423.25;30366.50;30373.50;25688
20260604 115000;30372.75;30408.25;30362.00;30399.00;26153
20260604 115500;30398.50;30422.00;30384.75;30413.00;17775
20260604 120000;30413.25;30429.50;30393.50;30422.00;14897
20260604 120500;30421.75;30449.50;30412.25;30440.25;15609
20260604 121000;30440.50;30452.00;30431.25;30440.25;10607
20260604 121500;30440.25;30462.75;30439.75;30458.00;11304
20260604 122000;30458.00;30486.25;30451.50;30481.50;14210
20260604 122500;30481.25;30484.75;30466.25;30480.00;11240
20260604 123000;30480.25;30480.25;30436.25;30449.75;19270
20260604 123500;30449.50;30476.25;30443.25;30471.25;11919
20260604 124000;30472.00;30489.50;30462.00;30482.75;11529
20260604 124500;30482.75;30486.00;30465.50;30474.25;10672
20260604 125000;30474.00;30493.75;30472.25;30484.50;10419
20260604 125500;30484.50;30490.75;30477.00;30478.75;6837
20260604 130000;30479.00;30486.25;30466.50;30474.75;11256
20260604 130500;30475.25;30496.50;30463.75;30495.50;11213
20260604 131000;30495.25;30502.25;30484.00;30494.00;11910
20260604 131500;30493.75;30497.25;30474.25;30488.75;10458
20260604 132000;30488.75;30496.25;30476.00;30492.50;8564
20260604 132500;30492.50;30518.25;30491.50;30514.50;12434
20260604 133000;30514.50;30539.75;30511.00;30531.75;16317
20260604 133500;30531.50;30536.25;30514.00;30515.00;11902
20260604 134000;30515.00;30541.25;30511.25;30539.75;11696
20260604 134500;30539.75;30544.50;30525.75;30543.50;9548
20260604 135000;30543.50;30555.50;30539.75;30548.75;11369
20260604 135500;30549.25;30563.75;30543.00;30559.50;10014
20260604 140000;30559.25;30580.75;30555.25;30578.25;14208
20260604 140500;30578.25;30594.75;30578.25;30587.25;13937
20260604 141000;30587.50;30598.50;30579.25;30592.00;9484
20260604 141500;30591.75;30595.75;30573.75;30591.00;12332
20260604 142000;30590.75;30594.50;30576.25;30580.00;8832
20260604 142500;30580.25;30595.75;30578.50;30586.25;7751
20260604 143000;30586.25;30591.00;30562.00;30579.00;14182
20260604 143500;30578.50;30581.00;30562.50;30570.75;10215
20260604 144000;30570.25;30575.50;30557.50;30572.75;9432
20260604 144500;30573.00;30588.75;30564.75;30588.25;10561
20260604 145000;30588.25;30594.50;30579.00;30580.50;8047
20260604 145500;30580.50;30582.50;30550.00;30557.50;16022
20260604 150000;30558.00;30574.00;30554.50;30571.25;10491
20260604 150500;30571.75;30589.00;30569.25;30571.00;12123
20260604 151000;30571.00;30574.50;30546.00;30555.50;14783
20260604 151500;30555.50;30556.75;30530.75;30535.25;17359
20260604 152000;30535.50;30571.50;30534.75;30569.00;13941
20260604 152500;30569.00;30596.00;30565.75;30594.75;11581
20260604 153000;30594.50;30603.25;30578.25;30588.25;15164
20260604 153500;30588.00;30597.75;30577.00;30586.50;9566
20260604 154000;30587.00;30589.00;30546.25;30548.25;15434
20260604 154500;30548.50;30551.50;30525.50;30538.25;17163
20260604 155000;30537.75;30547.50;30510.00;30518.50;25746
20260604 155500;30518.75;30518.75;30481.00;30485.25;30084
20260604 160000;30485.00;30495.50;30460.00;30464.00;17351
20260604 160500;30464.50;30470.75;30444.50;30462.75;11883
20260604 161000;30462.75;30464.50;30439.00;30451.75;8487
20260604 161500;30451.75;30463.25;30435.50;30438.25;6187
20260604 162000;30438.00;30441.00;30425.00;30434.75;5271
20260604 162500;30434.50;30436.00;30401.75;30413.50;7749
20260604 163000;30413.00;30424.00;30407.50;30413.50;4160
20260604 163500;30413.00;30420.50;30402.25;30413.75;3584
20260604 164000;30414.00;30423.75;30407.25;30411.25;3321
20260604 164500;30411.50;30416.75;30397.00;30400.25;3653
20260604 165000;30400.25;30419.00;30398.25;30409.75;3023
20260604 165500;30410.00;30420.25;30399.00;30400.25;3325
20260604 180000;30410.00;30423.00;30385.50;30387.50;6048
20260604 180500;30387.00;30398.75;30379.25;30394.25;4905
20260604 181000;30394.50;30395.50;30366.75;30370.50;4186
20260604 181500;30370.00;30375.25;30359.75;30372.25;3957
20260604 182000;30372.75;30383.25;30333.75;30342.00;7061
20260604 182500;30341.25;30348.00;30316.25;30342.25;6663
20260604 183000;30342.75;30357.75;30334.00;30335.25;4711
20260604 183500;30335.75;30356.50;30329.25;30345.00;3495
20260604 184000;30344.25;30355.75;30336.00;30336.75;3076
20260604 184500;30337.00;30360.25;30333.50;30351.50;2927
20260604 185000;30351.50;30360.75;30350.00;30360.50;2184
20260604 185500;30359.50;30369.00;30356.50;30366.25;2510
20260604 190000;30365.75;30371.50;30349.75;30358.75;3030
20260604 190500;30358.25;30364.75;30341.50;30345.75;3508
20260604 191000;30345.50;30350.75;30320.50;30328.00;4679
20260604 191500;30328.75;30331.25;30306.75;30309.00;4722
20260604 192000;30308.75;30311.75;30289.00;30299.25;6549
20260604 192500;30299.25;30320.75;30295.25;30309.50;3708
20260604 193000;30310.75;30312.25;30291.75;30300.00;4320
20260604 193500;30300.00;30307.75;30281.75;30293.75;4026
20260604 194000;30292.75;30295.75;30277.50;30281.50;3165
20260604 194500;30281.75;30283.25;30254.50;30267.00;5987
20260604 195000;30267.00;30285.75;30265.00;30279.75;4440
20260604 195500;30280.00;30281.75;30261.00;30264.25;3535
20260604 200000;30264.50;30264.50;30229.25;30240.75;11590
20260604 200500;30241.75;30251.00;30217.00;30227.25;7956
20260604 201000;30227.00;30234.00;30198.75;30199.50;8220
20260604 201500;30200.00;30221.25;30191.25;30199.25;8475
20260604 202000;30199.25;30217.25;30176.75;30183.50;9033
20260604 202500;30183.75;30197.50;30170.00;30193.75;8503
20260604 203000;30193.50;30213.00;30177.75;30196.50;8725
20260604 203500;30196.00;30208.00;30161.00;30171.00;8796
20260604 204000;30170.50;30188.75;30166.00;30167.25;5801
20260604 204500;30167.50;30185.00;30145.25;30162.25;12063
20260604 205000;30162.50;30167.25;30131.25;30153.50;9434
20260604 205500;30153.25;30158.50;30135.50;30143.00;7248
20260604 210000;30143.00;30153.00;30120.50;30140.50;8839
20260604 210500;30140.75;30154.00;30122.25;30126.25;6687
20260604 211000;30125.00;30134.25;30111.00;30124.75;6702
20260604 211500;30124.25;30130.25;30106.00;30127.00;7436
20260604 212000;30127.50;30128.75;30085.00;30094.50;9117
20260604 212500;30094.25;30097.25;30052.25;30085.25;13967
20260604 213000;30085.75;30121.00;30084.00;30116.00;9464
20260604 213500;30116.00;30138.25;30113.25;30126.50;8088
20260604 214000;30125.75;30152.25;30121.00;30147.00;9126
20260604 214500;30147.00;30158.25;30140.50;30140.50;5555
20260604 215000;30141.00;30174.25;30118.75;30169.75;10063
20260604 215500;30169.50;30196.75;30169.25;30195.50;8373
20260604 220000;30195.50;30209.50;30171.25;30201.75;9184
20260604 220500;30200.75;30203.25;30187.25;30196.75;4518
20260604 221000;30196.00;30219.00;30194.00;30211.50;5153
20260604 221500;30211.75;30230.00;30198.50;30206.00;6811
20260604 222000;30205.25;30232.25;30205.00;30229.75;5244
20260604 222500;30230.00;30242.00;30225.50;30234.00;5281
20260604 223000;30233.25;30242.50;30221.75;30234.00;4539
20260604 223500;30234.25;30249.00;30231.00;30233.00;4134
20260604 224000;30233.00;30235.00;30207.00;30221.25;5773
20260604 224500;30220.75;30226.00;30207.75;30212.00;4311
20260604 225000;30212.00;30236.75;30208.75;30216.25;4542
20260604 225500;30216.25;30227.50;30210.00;30213.50;2901
20260604 230000;30214.25;30219.25;30201.50;30209.25;3412
20260604 230500;30209.50;30210.25;30183.25;30202.00;5719
20260604 231000;30201.75;30223.75;30199.25;30210.50;5870
20260604 231500;30210.50;30229.25;30206.00;30212.25;3297
20260604 232000;30212.75;30215.50;30197.00;30214.50;3307
20260604 232500;30214.50;30221.75;30186.50;30188.25;3732
20260604 233000;30188.75;30207.75;30178.00;30192.00;4808
20260604 233500;30192.50;30193.25;30177.00;30187.25;3231
20260604 234000;30186.75;30197.00;30178.75;30182.25;3255
20260604 234500;30181.75;30186.25;30162.75;30165.25;4611
20260604 235000;30166.00;30173.75;30144.25;30153.25;5483
20260604 235500;30154.50;30180.75;30154.00;30163.00;4928
20260605 000000;30163.00;30174.75;30156.75;30167.00;3096
20260605 000500;30167.50;30189.75;30165.50;30184.50;3436
20260605 001000;30184.50;30186.75;30168.50;30184.50;2816
20260605 001500;30185.50;30198.00;30175.00;30175.50;4089
20260605 002000;30176.75;30190.25;30174.00;30184.25;1602
20260605 002500;30183.75;30204.50;30175.25;30177.25;3722
20260605 003000;30177.75;30182.25;30167.75;30176.25;2680
20260605 003500;30175.75;30199.00;30172.75;30197.00;2150
20260605 004000;30198.00;30211.75;30186.00;30201.25;3769
20260605 004500;30201.00;30217.75;30195.75;30215.25;2806
20260605 005000;30215.50;30237.75;30215.25;30235.00;3489
20260605 005500;30235.50;30242.75;30229.00;30229.50;2736
20260605 010000;30229.75;30233.25;30211.00;30214.00;3626
20260605 010500;30213.75;30221.00;30198.00;30204.75;2828
20260605 011000;30205.25;30211.25;30194.25;30197.50;2591
20260605 011500;30198.50;30213.25;30189.75;30210.00;2782
20260605 012000;30210.75;30228.00;30204.75;30225.25;3259
20260605 012500;30225.75;30225.75;30196.50;30200.25;2397
20260605 013000;30200.25;30222.25;30197.50;30210.75;2371
20260605 013500;30211.25;30224.25;30209.50;30213.25;2254
20260605 014000;30214.75;30220.25;30193.50;30195.25;2660
20260605 014500;30194.75;30196.50;30181.50;30186.50;3445
20260605 015000;30187.50;30189.75;30162.25;30166.25;3062
20260605 015500;30165.50;30180.50;30165.25;30170.00;2706
20260605 020000;30170.00;30194.25;30167.25;30191.75;4530
20260605 020500;30192.00;30214.00;30190.50;30200.75;3320
20260605 021000;30200.50;30202.50;30170.25;30170.75;3809
20260605 021500;30170.50;30175.00;30147.75;30153.00;4434
20260605 022000;30152.75;30154.25;30131.25;30138.50;4684
20260605 022500;30138.25;30159.50;30134.00;30143.00;4966
20260605 023000;30143.50;30154.50;30139.25;30143.25;3174
20260605 023500;30142.75;30157.25;30122.75;30128.50;4310
20260605 024000;30128.75;30136.75;30114.50;30118.75;4123
20260605 024500;30118.25;30135.75;30112.50;30125.75;3535
20260605 025000;30125.50;30145.00;30121.75;30138.75;2427
20260605 025500;30137.75;30140.00;30117.00;30123.50;2094
20260605 030000;30123.25;30127.50;30094.00;30106.50;6074
20260605 030500;30106.75;30110.25;30089.75;30092.25;3910
20260605 031000;30092.50;30105.75;30075.00;30080.75;3784
20260605 031500;30081.00;30095.75;30075.00;30083.75;3136
20260605 032000;30084.25;30108.00;30062.00;30096.75;5257
20260605 032500;30097.50;30112.25;30093.50;30106.75;3628
20260605 033000;30106.75;30138.25;30101.50;30138.25;4642
20260605 033500;30138.25;30159.25;30130.25;30132.00;4765
20260605 034000;30131.25;30141.75;30121.00;30125.75;3203
20260605 034500;30126.75;30139.25;30124.25;30137.50;2088
20260605 035000;30137.25;30156.75;30129.25;30137.50;3252
20260605 035500;30138.00;30153.25;30133.00;30150.75;2216
20260605 040000;30150.75;30164.00;30120.00;30121.75;5816
20260605 040500;30121.25;30146.00;30118.50;30143.50;3803
20260605 041000;30142.75;30155.00;30134.00;30141.75;3212
20260605 041500;30141.25;30157.00;30126.50;30154.25;2761
20260605 042000;30154.25;30196.00;30146.50;30184.75;5835
20260605 042500;30184.00;30218.25;30179.75;30217.75;4551
20260605 043000;30216.25;30222.75;30199.75;30203.75;4919
20260605 043500;30204.00;30212.00;30187.75;30189.50;3236
20260605 044000;30189.25;30193.75;30167.00;30168.50;3452
20260605 044500;30168.25;30183.25;30165.50;30180.25;2595
20260605 045000;30180.75;30182.50;30155.00;30168.50;2440
20260605 045500;30168.00;30168.50;30147.50;30159.75;2244
20260605 050000;30159.50;30171.25;30154.00;30164.25;2878
20260605 050500;30164.25;30178.25;30151.00;30155.00;2613
20260605 051000;30155.50;30260.00;30153.25;30220.50;11171
20260605 051500;30220.25;30236.50;30204.75;30210.00;5988
20260605 052000;30210.00;30211.75;30193.25;30194.25;3289
20260605 052500;30194.50;30203.50;30175.75;30182.50;3074
20260605 053000;30182.25;30196.75;30176.25;30181.25;4029
20260605 053500;30180.75;30190.50;30173.00;30181.75;2667
20260605 054000;30181.25;30188.25;30174.50;30181.00;2081
20260605 054500;30181.50;30202.75;30181.00;30195.75;2363
20260605 055000;30195.50;30213.25;30193.75;30205.75;2357
20260605 055500;30205.50;30207.50;30191.75;30198.50;2119
20260605 060000;30199.00;30206.50;30192.00;30203.00;1810
20260605 060500;30202.75;30209.00;30192.75;30206.50;1434
20260605 061000;30206.25;30210.50;30198.00;30208.00;1437
20260605 061500;30207.25;30210.25;30200.50;30209.75;1274
20260605 062000;30209.50;30230.50;30206.50;30224.25;2759
20260605 062500;30224.00;30236.00;30218.50;30231.75;2283
20260605 063000;30231.75;30236.50;30219.75;30234.25;2364
20260605 063500;30233.75;30234.75;30213.00;30220.25;2182
20260605 064000;30220.75;30228.25;30212.50;30226.00;1562
20260605 064500;30226.50;30227.50;30216.25;30217.25;1134
20260605 065000;30217.25;30219.50;30200.50;30202.75;1939
20260605 065500;30203.00;30206.50;30191.00;30194.75;2225
20260605 070000;30194.25;30197.25;30180.00;30190.00;3140
20260605 070500;30190.00;30195.50;30171.25;30180.00;2832
20260605 071000;30180.00;30195.00;30179.25;30183.75;2221
20260605 071500;30183.50;30186.25;30156.75;30166.25;2687
20260605 072000;30166.75;30179.50;30135.00;30144.25;5730
20260605 072500;30144.75;30185.50;30144.00;30184.75;4436
20260605 073000;30184.25;30194.75;30177.50;30189.25;2809
20260605 073500;30188.50;30191.00;30167.75;30170.25;3200
20260605 074000;30170.00;30184.00;30169.75;30178.00;2201
20260605 074500;30178.00;30180.25;30162.50;30168.25;2451
20260605 075000;30168.75;30169.75;30156.75;30162.75;2405
20260605 075500;30163.50;30164.00;30144.50;30147.75;2627
20260605 080000;30147.50;30149.50;30122.50;30124.50;4727
20260605 080500;30124.00;30135.50;30121.00;30127.25;3459
20260605 081000;30127.00;30130.50;30107.00;30112.25;4187
20260605 081500;30111.75;30157.00;30108.25;30152.75;5980
20260605 082000;30153.00;30156.75;30135.75;30146.50;3894
20260605 082500;30146.25;30148.00;30102.25;30130.75;5177
20260605 083000;30115.50;30168.50;30055.25;30061.50;15575
20260605 083500;30061.50;30094.00;30042.25;30085.75;15486
20260605 084000;30085.50;30127.75;30083.75;30121.75;12265
20260605 084500;30122.00;30135.75;30116.25;30125.25;10299
20260605 085000;30125.75;30126.75;30066.50;30070.25;13313
20260605 085500;30070.00;30078.25;30052.50;30054.50;10499
20260605 090000;30054.75;30072.00;30045.75;30062.00;12062
20260605 090500;30061.50;30064.00;30030.75;30058.25;11931
20260605 091000;30058.00;30067.25;30036.00;30039.00;9299
20260605 091500;30038.50;30051.75;30025.25;30035.50;11809
20260605 092000;30036.25;30043.50;30020.50;30031.75;9196
20260605 092500;30031.75;30045.50;30012.75;30036.00;17387
20260605 093000;30036.00;30100.75;29998.50;30044.00;68576
20260605 093500;30044.25;30046.50;29967.25;30003.75;58887
20260605 094000;30004.25;30009.50;29928.50;29931.75;58246
20260605 094500;29931.75;29955.50;29851.25;29858.00;64223
20260605 095000;29857.50;29903.25;29845.50;29893.00;65592
20260605 095500;29893.25;29897.50;29770.50;29773.75;58489
20260605 100000;29773.75;29830.50;29758.00;29785.75;76760
20260605 100500;29785.50;29858.75;29762.00;29852.00;61706
20260605 101000;29852.25;29871.00;29800.25;29870.75;54611
20260605 101500;29870.50;29941.50;29867.25;29940.00;47994
20260605 102000;29940.00;29942.00;29861.75;29872.00;44116
20260605 102500;29871.75;29874.00;29801.00;29825.50;41516
20260605 103000;29825.25;29901.25;29814.50;29901.00;42412
20260605 103500;29900.50;29928.25;29878.25;29884.50;37546
20260605 104000;29884.25;29890.50;29824.50;29843.25;35125
20260605 104500;29843.25;29871.25;29805.25;29827.25;34703
20260605 105000;29826.75;29855.75;29815.00;29834.75;26415
20260605 105500;29834.50;29873.75;29817.75;29853.25;28146
20260605 110000;29853.25;29869.75;29790.25;29814.00;34417
20260605 110500;29813.50;29823.00;29766.50;29777.00;30060
20260605 111000;29777.25;29797.50;29726.75;29728.25;34604
20260605 111500;29728.50;29761.00;29722.50;29755.50;29649
20260605 112000;29755.25;29765.00;29695.50;29711.25;40959
20260605 112500;29712.25;29730.50;29701.25;29717.00;23670
20260605 113000;29717.00;29739.50;29688.00;29690.25;28374
20260605 113500;29690.25;29707.00;29637.50;29646.25;36027
20260605 114000;29646.25;29670.50;29615.75;29645.50;37729
20260605 114500;29645.25;29682.25;29628.75;29649.00;29538
20260605 115000;29648.50;29675.00;29641.75;29669.75;23611
20260605 115500;29669.75;29675.00;29643.00;29658.75;19319
20260605 120000;29658.50;29660.25;29608.50;29618.50;30036
20260605 120500;29618.25;29618.25;29570.00;29577.50;36716
20260605 121000;29577.75;29620.00;29565.00;29593.75;29242
20260605 121500;29593.00;29593.50;29538.50;29545.50;34146
20260605 122000;29545.25;29581.75;29535.00;29569.25;27893
20260605 122500;29569.00;29589.75;29541.25;29544.00;22702
20260605 123000;29543.50;29549.00;29486.25;29508.25;36321
20260605 123500;29508.00;29519.25;29469.00;29490.00;31118
20260605 124000;29489.50;29500.25;29417.75;29434.00;37959
20260605 124500;29433.25;29447.00;29384.00;29445.50;45621
20260605 125000;29446.00;29507.75;29414.00;29504.25;38613
20260605 125500;29504.50;29506.00;29456.50;29489.75;28377
20260605 130000;29490.50;29492.50;29420.25;29449.50;32539
20260605 130500;29448.75;29451.75;29404.00;29423.00;23169
20260605 131000;29422.50;29430.75;29376.25;29409.50;29293
20260605 131500;29410.00;29414.25;29366.50;29398.00;26733
20260605 132000;29397.75;29449.25;29361.00;29441.25;33823
20260605 132500;29441.50;29444.00;29401.25;29440.00;24572
20260605 133000;29440.75;29459.50;29411.75;29459.25;23900
20260605 133500;29459.25;29491.50;29456.50;29487.75;24783
20260605 134000;29487.50;29505.25;29405.00;29417.50;31814
20260605 134500;29417.75;29447.50;29407.50;29426.00;21853
20260605 135000;29425.75;29449.50;29420.25;29446.75;15142
20260605 135500;29446.50;29474.00;29433.75;29471.00;16602
20260605 140000;29471.00;29477.00;29394.75;29396.50;21363
20260605 140500;29396.50;29415.50;29380.00;29381.25;17587
20260605 141000;29381.75;29395.00;29311.00;29317.00;31425
20260605 141500;29317.50;29319.75;29265.00;29271.50;39330
20260605 142000;29271.25;29295.00;29261.25;29271.00;24676
20260605 142500;29270.25;29272.25;29225.00;29244.50;30263
20260605 143000;29244.00;29256.50;29209.25;29225.75;24887
20260605 143500;29225.25;29230.50;29186.00;29207.75;25759
20260605 144000;29207.75;29212.00;29150.50;29182.25;28974
20260605 144500;29181.75;29183.00;29100.25;29158.50;46913
20260605 145000;29158.75;29175.25;29113.00;29151.75;33240
20260605 145500;29152.25;29215.75;29135.25;29191.25;47048
20260605 150000;29191.50;29211.25;29140.50;29201.25;37864
20260605 150500;29201.50;29203.75;29097.50;29123.50;38310
20260605 151000;29123.50;29130.00;29049.25;29071.50;35473
20260605 151500;29071.50;29071.50;28973.75;29014.50;42669
20260605 152000;29014.50;29061.50;28992.75;29061.25;34525
20260605 152500;29061.00;29156.25;29058.75;29154.50;36798
20260605 153000;29154.50;29158.00;29069.25;29113.50;34799
20260605 153500;29113.25;29157.50;29094.75;29148.75;32012
20260605 154000;29148.75;29153.00;29050.25;29095.75;36688
20260605 154500;29095.50;29165.75;29084.50;29147.25;30734
20260605 155000;29148.00;29194.75;29115.75;29129.25;44356
20260605 155500;29128.75;29129.00;29005.50;29016.25;45300
20260605 160000;29016.25;29042.25;28884.75;28903.25;31080
20260605 160500;28902.25;28925.50;28854.50;28906.25;21621
20260605 161000;28906.50;28906.50;28817.25;28831.75;18505
20260605 161500;28832.50;28861.50;28800.00;28813.50;12706
20260605 162000;28813.50;28852.75;28813.00;28844.25;8693
20260605 162500;28844.75;28876.25;28838.25;28866.25;7707
20260605 163000;28866.00;28866.50;28796.50;28810.50;10376
20260605 163500;28810.50;28831.00;28788.25;28824.25;6595
20260605 164000;28822.75;28824.75;28801.00;28818.25;5395
20260605 164500;28818.75;28823.50;28778.50;28812.50;5708
20260605 165000;28812.50;28860.50;28808.75;28850.50;5639
20260605 165500;28850.75;28852.00;28826.75;28828.25;3545
20260607 180000;28843.50;28953.75;28821.00;28929.50;18993
20260607 180500;28928.25;28939.50;28872.00;28901.00;9722
20260607 181000;28899.50;28997.75;28890.75;28995.00;9686
20260607 181500;28994.50;29011.50;28953.75;28991.00;10709
20260607 182000;28990.00;29025.00;28982.25;28985.50;7560
20260607 182500;28987.00;28995.50;28955.50;28968.00;6961
20260607 183000;28967.00;29000.00;28942.00;28993.00;8055
20260607 183500;28992.50;29018.50;28980.25;28998.75;5804
20260607 184000;28997.50;29009.00;28960.50;28974.00;6472
20260607 184500;28974.75;29001.50;28944.75;28970.50;9041
20260607 185000;28970.25;28994.50;28961.00;28969.50;5187
20260607 185500;28970.25;28972.25;28871.75;28893.50;16828
20260607 190000;28893.25;28979.75;28890.75;28977.75;10148
20260607 190500;28977.00;29002.00;28956.25;28986.50;6695
20260607 191000;28985.50;29001.00;28966.50;28993.75;5269
20260607 191500;28992.25;28995.00;28951.50;28972.75;6295
20260607 192000;28972.25;28987.25;28936.50;28951.50;7796
20260607 192500;28952.50;28990.00;28941.75;28978.25;4519
20260607 193000;28978.25;29008.25;28969.50;28989.25;5344
20260607 193500;28989.00;28995.25;28962.50;28973.75;3454
20260607 194000;28975.00;29029.75;28973.00;29025.00;5272
20260607 194500;29024.00;29093.50;29014.75;29073.75;10882
20260607 195000;29072.75;29087.75;29058.25;29061.75;4711
20260607 195500;29061.75;29103.75;29060.75;29085.50;6205
20260607 200000;29085.25;29141.00;29059.50;29139.25;12010
20260607 200500;29139.25;29142.00;29097.25;29137.50;9704
20260607 201000;29137.50;29147.50;29107.25;29146.50;7203
20260607 201500;29146.25;29192.00;29135.00;29174.50;10367
20260607 202000;29175.25;29201.25;29173.50;29188.50;7257
20260607 202500;29189.25;29226.75;29183.50;29223.00;7597
20260607 203000;29222.25;29244.75;29213.25;29218.25;8493
20260607 203500;29219.25;29283.00;29217.50;29278.50;10574
20260607 204000;29279.25;29288.25;29247.50;29253.25;9804
20260607 204500;29253.50;29254.75;29213.50;29239.50;10981
20260607 205000;29239.50;29242.00;29198.25;29200.00;7737
20260607 205500;29200.00;29220.50;29163.00;29217.00;12964
20260607 210000;29217.50;29235.75;29197.25;29216.75;9072
20260607 210500;29217.50;29236.50;29191.25;29214.00;8321
20260607 211000;29215.50;29219.50;29148.25;29150.25;11115
20260607 211500;29151.75;29162.75;29073.00;29112.75;13391
20260607 212000;29111.50;29157.25;29093.25;29121.00;8973
20260607 212500;29121.25;29129.50;29070.50;29075.00;9103
20260607 213000;29076.25;29170.50;29024.50;29110.00;19252
20260607 213500;29109.50;29114.25;29071.50;29096.00;6028
20260607 214000;29096.75;29163.00;29094.25;29159.00;8850
20260607 214500;29159.50;29182.50;29127.75;29144.00;8017
20260607 215000;29143.50;29170.00;29117.75;29139.50;7055
20260607 215500;29139.25;29170.25;29132.00;29158.25;5164
20260607 220000;29159.50;29181.75;29140.50;29154.50;6444
20260607 220500;29153.50;29166.25;29111.75;29124.75;5614
20260607 221000;29125.25;29157.25;29111.00;29151.50;5511
20260607 221500;29150.25;29152.75;29103.50;29111.50;5333
20260607 222000;29112.75;29152.00;29102.25;29148.25;4855
20260607 222500;29147.50;29178.50;29139.25;29173.75;6288
20260607 223000;29174.50;29188.50;29129.50;29167.75;8483
20260607 223500;29168.25;29204.00;29146.75;29199.75;6175
20260607 224000;29199.75;29229.50;29186.50;29228.25;5565
20260607 224500;29228.00;29244.50;29217.75;29236.25;5617
20260607 225000;29235.75;29240.00;29203.75;29214.50;4575
20260607 225500;29214.50;29239.75;29206.75;29210.25;4198
20260607 230000;29210.75;29232.50;29197.75;29202.00;3633
20260607 230500;29201.75;29230.50;29194.25;29225.00;3132
20260607 231000;29224.25;29228.75;29198.25;29207.00;2962
20260607 231500;29207.75;29215.00;29175.25;29186.00;4100
20260607 232000;29185.75;29218.50;29176.50;29217.25;4399
20260607 232500;29218.25;29223.00;29205.50;29216.75;2664
20260607 233000;29216.75;29233.00;29212.50;29216.50;2705
20260607 233500;29217.50;29227.00;29209.50;29218.75;1517
20260607 234000;29218.50;29231.00;29206.50;29212.50;2083
20260607 234500;29211.75;29222.00;29203.50;29205.00;1491
20260607 235000;29205.00;29225.50;29198.25;29216.00;2637
20260607 235500;29217.00;29218.75;29200.00;29211.50;1950
